1.000000000 0.000000000 0.000000000 0.000000000 0.000000000 1.000000000 0.000000000 0.000000000 0.000000000 0.000000000 1.000000000 0.000000000
0.999021590 -0.000425267 0.044221323 0.042341270 0.000538769 0.999996603 -0.002554782 -0.018672775 -0.044220082 0.002576107 0.999018490 1.021121383
0.995998800 -0.004618029 0.089247465 0.134589434 0.005311863 0.999957502 -0.007538346 -0.035970073 -0.089208849 0.007982253 0.995981097 2.034831285
0.990833938 -0.004100438 0.135022923 0.267738521 0.005702961 0.999917805 -0.011483874 -0.057198714 -0.134964734 0.012148645 0.990775883 3.042618990
0.983548343 -0.003321639 0.180614114 0.445567578 0.006211126 0.999861598 -0.015434921 -0.081861958 -0.180537835 0.016302807 0.983433068 4.043938160
0.974166870 -0.002351912 0.225816831 0.669425786 0.006901060 0.999788940 -0.019358037 -0.110519417 -0.225723594 0.020416332 0.973977447 5.035872936
0.962258875 -0.004460420 0.272099227 0.937792897 0.008871214 0.999848425 -0.014982260 -0.181948051 -0.271991223 0.016830659 0.962152541 6.018540382
0.948744714 -0.006826216 0.315969467 1.263105154 0.013118022 0.999755681 -0.017790033 -0.213357002 -0.315770864 0.021023091 0.948602557 6.980541706
0.933480978 -0.008285104 0.358531177 1.623472452 0.016313175 0.999679387 -0.019372340 -0.246635437 -0.358255684 0.023932496 0.933316708 7.922406197
0.916306317 -0.009610920 0.400362730 2.026088476 0.019576358 0.999591827 -0.020808488 -0.281366736 -0.399999321 0.026904594 0.916120410 8.846945763
0.897256136 -0.010800936 0.441378295 2.470131159 0.022900878 0.999493480 -0.022095522 -0.317400426 -0.440916091 0.029933294 0.897049069 9.752265930
0.874478459 -0.009494052 0.484971672 2.937883377 0.020660693 0.999630034 -0.017685125 -0.376591682 -0.484624445 0.025485106 0.874351025 10.650114059
0.850492120 -0.009091740 0.525909185 3.461519003 0.021023713 0.999639213 -0.016717797 -0.408379078 -0.525567472 0.025274919 0.850376427 11.507822990
0.824837506 -0.009103833 0.565296471 4.022296906 0.022448167 0.999609292 -0.016656419 -0.442091942 -0.564924002 0.026428713 0.824719608 12.329126358
0.797542155 -0.011144372 0.603160262 4.635351181 0.026349833 0.999518692 -0.016373914 -0.475170612 -0.602687478 0.028952058 0.797451913 13.125807762
0.768606186 -0.009945887 0.639644980 5.264567375 0.026871996 0.999498546 -0.016748480 -0.508590102 -0.639157593 0.030061521 0.768487990 13.890415192
0.738118112 -0.013300986 0.674540401 5.939309120 0.032122463 0.999364614 -0.015444051 -0.539970398 -0.673906386 0.033067435 0.738076389 14.611911774
0.706184804 -0.012541045 0.707916498 6.644373417 0.032385722 0.999368846 -0.014602247 -0.572569489 -0.707286477 0.033238277 0.706145108 15.308292389
0.671896875 -0.011164251 0.740560591 7.371032238 0.033867028 0.999303579 -0.015662016 -0.602006257 -0.739870012 0.035603840 0.671807051 15.972282410
0.636374533 -0.012126490 0.771284938 8.125766754 0.038335737 0.999138057 -0.015921287 -0.627193868 -0.770427108 0.039699677 0.636290848 16.590410233
0.599660456 -0.010582868 0.800184488 8.893714905 0.038581815 0.999132037 -0.015699264 -0.662026525 -0.799323857 0.040286794 0.599548399 17.173887253
0.561743796 -0.009602476 0.827255487 9.710660934 0.041747887 0.998987615 -0.016752822 -0.694184005 -0.826257169 0.043946959 0.561576128 17.721010208
0.522789061 -0.007725089 0.852427006 10.541293144 0.046399914 0.998734534 -0.019405827 -0.720859826 -0.851198256 0.049697693 0.522485852 18.239212036
0.483887017 -0.006730693 0.875104606 11.390508652 0.047929712 0.998673379 -0.018821519 -0.747731328 -0.873816907 0.051051006 0.483567655 18.709110260
0.445280373 -0.008503215 0.895350814 12.269165039 0.053009875 0.998451293 -0.016880779 -0.776680291 -0.893820643 0.054979119 0.445041537 19.145828247
0.408410281 -0.009109182 0.912752986 13.176956177 0.057224415 0.998238802 -0.015642682 -0.805449903 -0.911002994 0.058620390 0.408212245 19.543659210
0.373349369 -0.006653354 0.927666962 14.118913651 0.058930103 0.998124719 -0.016558355 -0.826378226 -0.925817132 0.060849562 0.373041362 19.908777237
0.339595497 -0.007062212 0.940545082 15.070682526 0.059603076 0.998123527 -0.014025885 -0.843138635 -0.938681185 0.060822506 0.339379162 20.258293152
0.306302220 -0.008786716 0.951893747 16.027526855 0.062023953 0.998016834 -0.010745720 -0.871026337 -0.949911594 0.062331654 0.306239754 20.560649872
0.273457199 -0.008560904 0.961846054 17.025651932 0.063028365 0.997970819 -0.009036825 -0.886972666 -0.959816873 0.063094780 0.273441911 20.850463867
0.241352469 -0.005509966 0.970421910 18.009817123 0.060119171 0.998148024 -0.009284773 -0.902713537 -0.968573511 0.060581863 0.241236746 21.086950302
0.210144177 -0.003807803 0.977662981 19.016668320 0.060003471 0.998157501 -0.009009845 -0.922761440 -0.975827336 0.060556538 0.209985480 21.306983948
0.179569215 -0.003322106 0.983739614 20.036825180 0.061963648 0.998046815 -0.007940260 -0.935303688 -0.981791854 0.062381934 0.179424331 21.493183136
0.149216384 -0.003523439 0.988798261 21.066553116 0.063991345 0.997931719 -0.006100748 -0.951364040 -0.986731708 0.064184859 0.149133295 21.639665604
0.118718572 -0.004329750 0.992918611 22.108139038 0.062532775 0.998037994 -0.003124676 -0.969513834 -0.990956903 0.062460911 0.118756413 21.773666382
0.089515373 -0.004614859 0.995974839 23.168111801 0.063049003 0.998009861 -0.001042378 -0.982971430 -0.993987799 0.062888533 0.089628205 21.870019913
0.062476747 -0.004277652 0.998037279 24.254646301 0.065946668 0.997823119 0.000148498 -0.985565662 -0.995865285 0.065807939 0.062622845 21.929967880
0.037446216 -0.003473356 0.999292731 25.352266312 0.070074983 0.997541368 0.000841368 -0.989957750 -0.996838570 0.069993913 0.037597544 21.962675095
0.014683672 -0.003074312 0.999887466 26.469205856 0.074747838 0.997200549 0.001968354 -0.996879101 -0.997094274 0.074710518 0.014872363 21.971372604
-0.005677481 -0.003294382 0.999978483 27.596269608 0.080293380 0.996764243 0.003739666 -1.003419638 -0.996755123 0.080312885 -0.005394592 21.966941833
-0.023092637 -0.004156718 0.999724686 28.740907669 0.084281228 0.996423423 0.006089804 -1.010434031 -0.996174395 0.084398642 -0.022659715 21.932785034
-0.038558207 -0.003943480 0.999248564 29.909479141 0.087354466 0.996150553 0.007302018 -1.004768014 -0.995430768 0.087570384 -0.038065299 21.883043289
-0.052891806 -0.004493689 0.998590112 31.069669724 0.089916550 0.995906413 0.009244175 -1.007126808 -0.994543791 0.090278730 -0.052271225 21.821605682
-0.066367626 -0.005525157 0.997779965 32.248252869 0.090021603 0.995873392 0.011502414 -1.006061077 -0.993725955 0.090585142 -0.065596379 21.745584488
-0.078256272 -0.005376189 0.996918738 33.421161652 0.089914747 0.995871902 0.012428683 -1.004236102 -0.992870152 0.090610303 -0.077449821 21.652370453
-0.089644857 -0.002714918 0.995970070 34.624469757 0.089632168 0.995916486 0.010782345 -1.000898361 -0.991932392 0.090237521 -0.089035466 21.550674438
-0.099853091 0.000626584 0.995001972 35.831420898 0.090053946 0.995901406 0.008410183 -1.000837445 -0.990918696 0.090443633 -0.099500239 21.432622910
-0.108898990 0.002871449 0.994048655 37.058025360 0.091130026 0.995813787 0.007106834 -1.002402425 -0.989866853 0.091361620 -0.108704761 21.294309616
-0.116464578 0.003949374 0.993187010 38.310829163 0.090925686 0.995835245 0.006702361 -0.996266603 -0.989024043 0.091086812 -0.116338611 21.155002594
-0.122209691 0.004890339 0.992492259 39.586521149 0.090685427 0.995859861 0.006259541 -0.988314986 -0.988352656 0.090769567 -0.122147188 21.000333786
-0.127236396 0.006525596 0.991850913 40.882488251 0.091954045 0.995749414 0.005244780 -0.985558033 -0.987600744 0.091872044 -0.127295628 20.835346222
-0.131772757 0.008095817 0.991246879 42.200683594 0.090924114 0.995849967 0.003953708 -0.982001424 -0.987101197 0.090649232 -0.131961972 20.664178848
-0.135824308 0.008954076 0.990692437 43.544815063 0.091539502 0.995795131 0.003549905 -0.984217167 -0.986494899 0.091169655 -0.136072829 20.477582932
-0.138788715 0.007832509 0.990291178 44.898723602 0.091492578 0.995793462 0.004946605 -0.985883772 -0.986086547 0.091290824 -0.138921514 20.298236847
-0.141506806 0.005812544 0.989920199 46.281173706 0.092242830 0.995709479 0.007339359 -0.987789273 -0.985630274 0.092351615 -0.141435802 20.113554001
-0.143980563 0.004608206 0.989569783 47.682815552 0.091711819 0.995747507 0.008706926 -0.980340302 -0.985321462 0.092008881 -0.143790901 19.921773911
-0.145758882 0.005450675 0.989305139 49.112869263 0.094435431 0.995495319 0.008428827 -0.972251117 -0.984802663 0.094654039 -0.145617008 19.701620102
-0.146763235 0.005145838 0.989158273 50.549686432 0.094555780 0.995480359 0.008850692 -0.967432022 -0.984641910 0.094829611 -0.146586493 19.496128082
-0.147334024 0.006505221 0.989065528 52.012737274 0.096514747 0.995300889 0.007830877 -0.957664907 -0.984366715 0.096613154 -0.147269472 19.274532318
-0.147575498 0.006528704 0.989029229 53.497612000 0.096016668 0.995349526 0.007756462 -0.952139556 -0.984379053 0.096107952 -0.147516102 19.059858322
-0.147025868 0.008197699 0.989098608 54.995750427 0.095734254 0.995388925 0.005980710 -0.942910135 -0.984488785 0.095569946 -0.147132695 18.845872879
-0.145994857 0.008136315 0.989251912 56.524135590 0.096099086 0.995353699 0.005995908 -0.936331630 -0.984606743 0.095941588 -0.146098420 18.624801636
-0.144675434 0.006933229 0.989454865 58.058258057 0.095169283 0.995436966 0.006940255 -0.934207499 -0.984891713 0.095169805 -0.144675121 18.408210754
-0.143290341 0.007728827 0.989650428 59.621608734 0.096570261 0.995306730 0.006209296 -0.930383682 -0.984957814 0.096460544 -0.143364221 18.181079865
-0.142510995 0.008307585 0.989758313 61.207798004 0.096148379 0.995351851 0.005489453 -0.924342632 -0.985112250 0.095945984 -0.142647341 17.961406708
-0.141553462 0.008952606 0.989890277 62.814643860 0.097132832 0.995259345 0.004888745 -0.920576930 -0.985153735 0.096842825 -0.141752020 17.732044220
-0.140387386 0.008838948 0.990057170 64.454505920 0.096808575 0.995291173 0.004841518 -0.913651168 -0.985352457 0.096525721 -0.140582055 17.500587463
-0.139356583 0.007215464 0.990215898 66.107566833 0.098780558 0.995087028 0.006650779 -0.911912322 -0.985303044 0.098740913 -0.139384657 17.259559631
-0.138643146 0.005307588 0.990328133 67.767547607 0.100384347 0.994910598 0.008721381 -0.908333778 -0.985241652 0.100622639 -0.138470337 17.028003693
-0.138004154 0.006393492 0.990411043 69.453872681 0.101601318 0.994795084 0.007735360 -0.901759148 -0.985206604 0.101694569 -0.137935430 16.795629501
-0.136951774 0.008237633 0.990543485 71.136108398 0.103741497 0.994585693 0.006071967 -0.896826744 -0.985130429 0.103592038 -0.137064829 16.555456161
-0.136711299 0.007391545 0.990583360 72.818046570 0.102566391 0.994703352 0.006732989 -0.905713558 -0.985286772 0.102521032 -0.136745304 16.333580017
-0.136452034 0.007278963 0.990619957 74.539924622 0.103229813 0.994633436 0.006910842 -0.906596422 -0.985253513 0.103204519 -0.136471167 16.096973419
-0.136284962 0.006058100 0.990651131 76.268135071 0.103142820 0.994633496 0.008107014 -0.906477094 -0.985285878 0.103283405 -0.136178434 15.869944572
-0.136099622 0.006316708 0.990675032 78.028091431 0.104629025 0.994478881 0.008033046 -0.898814738 -0.985154629 0.104746640 -0.136009112 15.626196861
-0.136204273 0.006550210 0.990659118 79.802421570 0.105576545 0.994379461 0.007940756 -0.884844780 -0.985039055 0.105671935 -0.136130288 15.387886047
-0.136443108 0.007378855 0.990620434 81.586051941 0.105662398 0.994376361 0.007146576 -0.883143842 -0.984996736 0.105646424 -0.136455417 15.148943901
-0.137014821 0.008308997 0.990534127 83.393493652 0.105367117 0.994413853 0.006233279 -0.875585973 -0.984949112 0.105223782 -0.137124926 14.897923470
-0.138028592 0.008931693 0.990387917 85.194229126 0.104304098 0.994529843 0.005567627 -0.876226425 -0.984920800 0.104070000 -0.138205141 14.654047012
-0.139574572 0.009325598 0.990167797 87.008285522 0.103654698 0.994599402 0.005243886 -0.878256321 -0.984771371 0.103367440 -0.139787465 14.416622162
-0.140707612 0.008579736 0.990014017 88.854934692 0.102606371 0.994704127 0.005962742 -0.876640797 -0.984719932 0.102420740 -0.140842780 14.159338951
-0.141508296 0.008112144 0.989903748 90.704887390 0.102610424 0.994700253 0.006516871 -0.879141271 -0.984604657 0.102496631 -0.141590729 13.893534660
-0.142084673 0.007123091 0.989828825 92.583396912 0.100026451 0.994958758 0.007198256 -0.874011755 -0.984787583 0.100031823 -0.142080873 13.635408401
-0.144050121 0.007896899 0.989538908 94.460266113 0.099784061 0.994987428 0.006585481 -0.874855220 -0.984526753 0.099688850 -0.144116014 13.375650406
-0.146504834 0.009210744 0.989167035 96.377983093 0.099054232 0.995067358 0.005405164 -0.858763576 -0.984238088 0.098773070 -0.146694526 13.087831497
-0.150121659 0.009929046 0.988617659 98.287307739 0.099499792 0.995024443 0.005115654 -0.859076381 -0.983647943 0.099135213 -0.150362626 12.796637535
-0.154914498 0.009044858 0.987886488 100.214515686 0.097540975 0.995212317 0.006183865 -0.859017372 -0.983100772 0.097317390 -0.155055031 12.506959915
-0.159940869 0.008291891 0.987091780 102.151329041 0.095719799 0.995382667 0.007148177 -0.859070301 -0.982474744 0.095627517 -0.159996092 12.210119247
-0.164373398 0.009011826 0.986357033 104.099418640 0.094163440 0.995534897 0.006596373 -0.857527673 -0.981893361 0.093963049 -0.164488047 11.889867783
-0.169297814 0.010940789 0.985504210 106.053520203 0.094705179 0.995491683 0.005217555 -0.860407710 -0.981004179 0.094215691 -0.169570729 11.569805145
-0.173561409 0.012674316 0.984741509 108.020996094 0.094307497 0.995535791 0.003808516 -0.858844161 -0.980297148 0.093529522 -0.173981875 11.219324112
-0.178268701 0.012858341 0.983897805 110.000213623 0.093251333 0.995635152 0.003884132 -0.866580248 -0.979553163 0.092442222 -0.178689688 10.868366241
-0.183535770 0.012621966 0.982931972 111.994338989 0.091285452 0.995815575 0.004257665 -0.869632900 -0.978765309 0.090508834 -0.183919996 10.515642166
-0.188911542 0.011949764 0.981921375 113.990539551 0.089440435 0.995979130 0.005086572 -0.874883354 -0.977912486 0.088784382 -0.189220756 10.139926910
-0.194347128 0.011279445 0.980867922 115.989830017 0.088760637 0.996034026 0.006132994 -0.878725827 -0.976908743 0.088254370 -0.194577515 9.755399704
-0.199842855 0.011243653 0.979763389 117.993171692 0.088745899 0.996031940 0.006671201 -0.875946701 -0.975800693 0.088283181 -0.200047687 9.362636566
-0.204794928 0.013159059 0.978716433 119.992706299 0.089202061 0.995999575 0.005273961 -0.869837284 -0.974731803 0.088383600 -0.205149457 8.949743271
-0.211130172 0.013860091 0.977359712 122.022003174 0.088982113 0.996020138 0.005097285 -0.878982902 -0.973399341 0.088043727 -0.211523205 8.538476944
-0.217001751 0.013956758 0.976071417 124.046249390 0.089409426 0.995979011 0.005636230 -0.877818465 -0.972068012 0.088493042 -0.217377052 8.095357895
-0.222484186 0.013759903 0.974839211 126.079132080 0.088287853 0.996076405 0.006089967 -0.876509488 -0.970930457 0.087421387 -0.222826064 7.640069962
-0.227751389 0.014645999 0.973609149 128.108947754 0.087804414 0.996122360 0.005554975 -0.876814127 -0.969752491 0.086752348 -0.228154212 7.175504684
-0.233146533 0.015058421 0.972325027 130.152648926 0.086813591 0.996209979 0.005388056 -0.882191479 -0.968558788 0.085667238 -0.233570218 6.707176208
-0.237481505 0.014650106 0.971281588 132.205352783 0.088055521 0.996094346 0.006505493 -0.877935648 -0.967392743 0.087071620 -0.237844005 6.212800980
-0.241365910 0.014493280 0.970325947 134.272659302 0.090256087 0.995889783 0.007575838 -0.878171504 -0.966227889 0.089406371 -0.241681948 5.698423386
-0.244883880 0.015242972 0.969432592 136.334976196 0.091223694 0.995803058 0.007385987 -0.875881672 -0.965251327 0.090243928 -0.245246664 5.189857483
-0.247988433 0.015595816 0.968637407 138.404815674 0.091655299 0.995763063 0.007432828 -0.880978107 -0.964417458 0.090624027 -0.248367146 4.662349701
-0.251425385 0.015273180 0.967756152 140.486877441 0.090650707 0.995851934 0.007834688 -0.880711198 -0.963622212 0.089697637 -0.251766980 4.132698059
-0.255628765 0.016033104 0.966641963 142.577789307 0.089642935 0.995947957 0.007186918 -0.880240142 -0.962609947 0.088489816 -0.256030262 3.594947815
-0.259804815 0.016588455 0.965518594 144.676239014 0.088127375 0.996087313 0.006599932 -0.878215075 -0.961631477 0.086803325 -0.260250151 3.050693512
-0.264119953 0.016365044 0.964350939 146.756393433 0.087721832 0.996119559 0.007121412 -0.886370301 -0.960492492 0.086475536 -0.264530510 2.465389252
-0.268775433 0.016743273 0.963057339 148.833908081 0.087778047 0.996114194 0.007179614 -0.886402249 -0.959194839 0.086465009 -0.269200772 1.904754639
-0.273060679 0.017227232 0.961842537 150.927841187 0.087342851 0.996154010 0.006954273 -0.889015675 -0.958023489 0.085909002 -0.273515135 1.305694580
-0.277271122 0.017681243 0.960628927 153.022750854 0.087296113 0.996158719 0.006861508 -0.889696002 -0.956817687 0.085761674 -0.277749538 0.698665619
-0.281494707 0.016810961 0.959415495 155.120697021 0.086747289 0.996198237 0.007996387 -0.892685533 -0.955633640 0.085477628 -0.281882912 0.095092773
-0.285640210 0.016997101 0.958186209 157.225265503 0.087675802 0.996113002 0.008466722 -0.897174478 -0.954317868 0.086428173 -0.286020190 -0.526031494
-0.289645106 0.017514549 0.956973851 159.343978882 0.088502161 0.996039152 0.008557227 -0.902098417 -0.953033626 0.087172806 -0.290047973 -1.156906128
-0.293601692 0.018754469 0.955743790 161.478179932 0.088641286 0.996033907 0.007685258 -0.900132656 -0.951809227 0.086974762 -0.294099599 -1.797046661
-0.296993315 0.020288199 0.954663992 163.598541260 0.088428222 0.996062338 0.006341793 -0.902649105 -0.950776160 0.086302720 -0.297617942 -2.447738647
-0.300719470 0.021361882 0.953473389 165.721649170 0.089209609 0.995995820 0.005821575 -0.908877730 -0.949531198 0.086809650 -0.301421016 -3.093090057
-0.303889930 0.021967856 0.952453852 167.857559204 0.088547029 0.996057928 0.005278245 -0.909979820 -0.948583364 0.085940957 -0.304637104 -3.764625549
-0.307336509 0.022111382 0.951343894 170.018371582 0.089043707 0.996011913 0.005616463 -0.917870581 -0.947425663 0.086437345 -0.308079720 -4.457553864
-0.311429411 0.022180034 0.950010419 172.168823242 0.088835113 0.996029019 0.005867204 -0.921367884 -0.946107864 0.086221494 -0.312163055 -5.145187378
-0.314834714 0.022806210 0.948872507 174.328628540 0.091092177 0.995822549 0.006289605 -0.931458712 -0.944765210 0.088415042 -0.315596968 -5.858612061
-0.317877680 0.023343554 0.947844267 176.486312866 0.093098976 0.995634258 0.006702001 -0.930210829 -0.943549812 0.090373755 -0.318663239 -6.579475403
-0.320447624 0.022579838 0.946997046 178.661026001 0.093726419 0.995566010 0.007977512 -0.938741684 -0.942618012 0.091315009 -0.321143061 -7.305717468
-0.323419124 0.021891104 0.946002543 180.847244263 0.093035318 0.995624185 0.008767506 -0.938302398 -0.941671133 0.090847224 -0.324040532 -8.039871216
-0.326279938 0.022419572 0.945007265 183.024002075 0.092050567 0.995720923 0.008159317 -0.936268806 -0.940780580 0.089650676 -0.326947421 -8.773906708
-0.328910470 0.024540536 0.944042206 185.211059570 0.091396801 0.995796740 0.005957341 -0.933484554 -0.939927936 0.088241868 -0.329770893 -9.532646179
-0.331991374 0.026214622 0.942918062 187.413101196 0.090729721 0.995866418 0.004258290 -0.940372586 -0.938908875 0.086964406 -0.332997471 -10.295356750
-0.334829360 0.027357906 0.941881478 189.603576660 0.090076178 0.995930076 0.003093378 -0.947961032 -0.937963486 0.085876845 -0.335930973 -11.070503235
-0.338239670 0.028018946 0.940642715 191.812332153 0.088545978 0.996069670 0.002169718 -0.966658354 -0.936884999 0.084024005 -0.339391232 -11.838024139
-0.341934651 0.028494207 0.939291596 194.036956787 0.089549243 0.995979667 0.002385147 -0.978195786 -0.935447216 0.084928416 -0.343111575 -12.643245697
-0.345665991 0.027453855 0.937955916 196.261291504 0.089146145 0.996011615 0.003699996 -1.001637459 -0.934113443 0.084894121 -0.346734792 -13.434284210
-0.349018544 0.026807748 0.936732292 198.483154297 0.088688999 0.996048987 0.004539472 -1.004587650 -0.932909608 0.084662199 -0.350017071 -14.260292053
-0.352976143 0.026410418 0.935259521 200.696655273 0.088798016 0.996035099 0.005386610 -1.022511482 -0.931409001 0.084950522 -0.353921801 -15.074615479
-0.356414557 0.026638696 0.933948219 202.914642334 0.088054918 0.996102095 0.005192150 -1.028694510 -0.930169463 0.084089287 -0.357371032 -15.908061981
-0.360084206 0.027423037 0.932516634 205.136917114 0.087510683 0.996153414 0.004497156 -1.037422657 -0.928806305 0.083224535 -0.361098975 -16.753784180
-0.363427520 0.027911393 0.931204259 207.373184204 0.087742783 0.996133506 0.004386439 -1.057746410 -0.927481353 0.083300605 -0.364471436 -17.614158630
-0.365966290 0.028546171 0.930190206 209.596328735 0.088572219 0.996060491 0.004279479 -1.077363968 -0.926403582 0.083955139 -0.367053062 -18.484142303
-0.368771732 0.028417813 0.929085493 211.832656860 0.089395680 0.995983541 0.005018839 -1.081349492 -0.925211251 0.084907033 -0.369831055 -19.361915588
-0.371386528 0.027820444 0.928061426 214.080291748 0.090933092 0.995835543 0.006536999 -1.097581506 -0.924014747 0.086819254 -0.372369766 -20.257408142
-0.373882353 0.028611444 0.927034736 216.313278198 0.091845401 0.995753288 0.006309833 -1.101155639 -0.922917306 0.087503009 -0.374922425 -21.154407501
-0.376656115 0.029519903 0.925882578 218.558883667 0.091823250 0.995759547 0.005606616 -1.104137897 -0.921790898 0.087129310 -0.377769589 -22.065315247
-0.379619688 0.029565709 0.924670041 220.806457520 0.090901919 0.995844781 0.005477954 -1.115660071 -0.920665920 0.086133823 -0.380729944 -22.971485138
-0.382128090 0.030791154 0.923596263 223.032791138 0.090878852 0.995852172 0.004400106 -1.129267573 -0.919629872 0.085616760 -0.383341402 -23.885902405
-0.385258496 0.031826291 0.922259629 225.254608154 0.090519570 0.995888591 0.003445870 -1.140091181 -0.918358386 0.084810093 -0.386555463 -24.791866302
-0.388019323 0.031755410 0.921104014 227.471435547 0.088188782 0.996099949 0.002809027 -1.162366748 -0.917422354 0.082321003 -0.389306456 -25.712966919
-0.390968323 0.032620195 0.919825912 229.655410767 0.089194074 0.996010780 0.002589598 -1.192323685 -0.916072130 0.083055452 -0.392318249 -26.622802734
-0.393401653 0.031977873 0.918810427 231.894866943 0.090675376 0.995871723 0.004164062 -1.215051293 -0.914884210 0.084951639 -0.394677222 -27.578701019
-0.395792216 0.031282462 0.917807162 234.076446533 0.091781959 0.995763183 0.005640244 -1.231328607 -0.913742125 0.086470507 -0.396986395 -28.514247894
-0.398792952 0.030550560 0.916531920 236.277648926 0.090049848 0.995919287 0.005984901 -1.232073903 -0.912608981 0.084920317 -0.399916649 -29.463874817
-0.401524156 0.031214301 0.915316343 238.517089844 0.089312494 0.995989978 0.005213486 -1.237185717 -0.911483228 0.083842501 -0.402701885 -30.443798065
-0.405176640 0.030240973 0.913738132 240.718460083 0.087363280 0.996159792 0.005770501 -1.255470872 -0.910054684 0.082165249 -0.406262577 -31.401706696
-0.408466458 0.030040449 0.912278831 242.940063477 0.086960815 0.996192813 0.006132443 -1.260602951 -0.908621430 0.081837401 -0.409523755 -32.380901337
-0.412008703 0.030226730 0.910678387 245.157714844 0.086334631 0.996248126 0.005992564 -1.279925346 -0.907080591 0.081092082 -0.413072526 -33.374862671
-0.415816009 0.029772071 0.908961356 247.369247437 0.085826643 0.996288002 0.006630132 -1.286334038 -0.905389905 0.080770008 -0.416827679 -34.375007629
-0.419831514 0.029382408 0.907126307 249.575210571 0.084929898 0.996362090 0.007034011 -1.292110682 -0.903619528 0.079995237 -0.420799673 -35.376571655
-0.423612356 0.029442256 0.905364990 251.774459839 0.083994597 0.996442318 0.006896265 -1.302031875 -0.901940942 0.078967109 -0.424578220 -36.388343811
-0.427657634 0.029740961 0.903451383 253.962265015 0.083648033 0.996472239 0.006792478 -1.327813029 -0.900062144 0.078476779 -0.428636700 -37.392097473
-0.430991948 0.030751128 0.901831686 256.138305664 0.084730782 0.996382535 0.006518289 -1.323150158 -0.898368895 0.079222232 -0.432038367 -38.412811279
-0.434802383 0.030345358 0.900014460 258.339385986 0.084473521 0.996399581 0.007214529 -1.348513603 -0.896555126 0.079164281 -0.435800344 -39.468704224
-0.438388377 0.031086266 0.898247898 260.520019531 0.083474040 0.996490300 0.006253156 -1.343749046 -0.894900978 0.077721700 -0.439444661 -40.522438049
-0.441864312 0.030836284 0.896551609 262.675476074 0.083741657 0.996462941 0.006999312 -1.360571384 -0.893164754 0.078171484 -0.442883670 -41.577095032
-0.445220292 0.031752035 0.894857824 264.849365234 0.084620900 0.996390402 0.006746906 -1.365990400 -0.891413569 0.078727521 -0.446300209 -42.663444519
-0.448833883 0.032834046 0.893011808 267.037811279 0.085759737 0.996294856 0.006471904 -1.369129419 -0.889490545 0.079489268 -0.449986696 -43.733467102
-0.451816261 0.035073254 0.891421318 269.199737549 0.088326424 0.996075988 0.005577277 -1.374860168 -0.887727737 0.081255972 -0.453141212 -44.842124939
-0.454772502 0.035960473 0.889881372 271.347503662 0.089774869 0.995946169 0.005632720 -1.386455894 -0.886071324 0.082450584 -0.456157267 -45.916564941
-0.457128108 0.037992366 0.888589025 273.533447266 0.091747940 0.995771527 0.004623998 -1.395529628 -0.884656131 0.083639964 -0.458680868 -47.043251038
-0.460059732 0.040367283 0.886969864 275.724822998 0.093165949 0.995646060 0.003010683 -1.401166677 -0.882986486 0.084020481 -0.461817503 -48.169601440
-0.462995440 0.041153483 0.885404706 277.924255371 0.094595648 0.995510638 0.003194740 -1.412339449 -0.881298423 0.085234605 -0.464809805 -49.312789917
-0.466110438 0.041930795 0.883732378 280.122131348 0.094477989 0.995523572 0.002595895 -1.411539197 -0.879667521 0.084703229 -0.467985451 -50.468353271
-0.469440818 0.042347468 0.881947815 282.321838379 0.093821928 0.995586634 0.002135347 -1.412714243 -0.877965152 0.083748460 -0.471342117 -51.633132935
-0.472850293 0.043331426 0.880076647 284.533294678 0.094460346 0.995527029 0.001736208 -1.425209284 -0.876064956 0.083953306 -0.474828452 -52.803947449
-0.475983202 0.043682247 0.878368974 286.748687744 0.094006754 0.995570540 0.001430912 -1.440602303 -0.874415636 0.083253674 -0.477981389 -53.995674133
-0.478769302 0.043422800 0.876866281 288.960205078 0.092414521 0.995719969 0.001149867 -1.450617671 -0.873063445 0.081585690 -0.480733007 -55.187507629
-0.481372476 0.044133373 0.875404358 291.172271729 0.094217494 0.995550334 0.001618355 -1.460658669 -0.871437669 0.083257437 -0.483388662 -56.395759583
-0.483446389 0.044138405 0.874260485 293.406768799 0.095353104 0.995440423 0.002471762 -1.463912368 -0.870165110 0.084558412 -0.485450864 -57.625228882
-0.485318452 0.044278052 0.873215556 295.650390625 0.096290238 0.995348752 0.003045446 -1.471118093 -0.869019091 0.085560136 -0.487324655 -58.866676331
-0.487503260 0.044070762 0.872008324 297.892791748 0.096348643 0.995341301 0.003560560 -1.478559017 -0.867788851 0.085752606 -0.489478320 -60.117462158
-0.489902049 0.043403655 0.870696366 300.145446777 0.096108139 0.995361030 0.004457647 -1.486682653 -0.866463780 0.085864797 -0.491800666 -61.368774414
-0.492047369 0.043825392 0.869464576 302.397827148 0.097686492 0.995204091 0.005119424 -1.484013557 -0.865070343 0.087453939 -0.493968666 -62.639221191
-0.494337887 0.043330904 0.868189156 304.647766113 0.097616076 0.995206535 0.005911297 -1.490249157 -0.863771439 0.087671392 -0.496198177 -63.906669617
-0.496477932 0.044051036 0.866930902 306.915832520 0.096894123 0.995282531 0.004916855 -1.485323906 -0.862624586 0.086441629 -0.498404086 -65.197677612
-0.499155968 0.046264160 0.865276217 309.170501709 0.096205667 0.995358825 0.002279268 -1.489382148 -0.861154914 0.084382169 -0.501290202 -66.476699829
-0.502371848 0.045294583 0.863464415 311.447296143 0.094792865 0.995492637 0.002931038 -1.508775949 -0.859439850 0.083322726 -0.504401207 -67.782081604
-0.506754816 0.043889578 0.860972285 313.732208252 0.092847593 0.995672703 0.003892472 -1.507398844 -0.857075810 0.081911750 -0.508636951 -69.109268188
-0.511864543 0.041459549 0.858065128 316.015350342 0.090782434 0.995852470 0.006037678 -1.511768818 -0.854255974 0.080987729 -0.513505399 -70.445320129
-0.516536117 0.039990775 0.855331004 318.293518066 0.089087799 0.995997488 0.007232707 -1.502677202 -0.851618350 0.079935513 -0.518031299 -71.795600891
-0.520918727 0.040559787 0.852642119 320.572875977 0.089831479 0.995928645 0.007506365 -1.499045610 -0.848866284 0.080504313 -0.522441447 -73.163398743
-0.524896443 0.041679349 0.850144923 322.867004395 0.091772430 0.995749116 0.007844377 -1.496630907 -0.846204162 0.082137354 -0.526490152 -74.570106506
-0.528842688 0.042703412 0.847644866 325.170227051 0.092973061 0.995637715 0.007846444 -1.486961126 -0.843612015 0.082957678 -0.530506015 -75.984970093
-0.532516122 0.042892359 0.845332384 327.464202881 0.094281033 0.995505929 0.008880015 -1.485184669 -0.841152549 0.084427550 -0.534166992 -77.413650513
-0.537023842 0.041697495 0.842535853 329.774963379 0.094538637 0.995460451 0.010992159 -1.486000538 -0.838252842 0.085555233 -0.538528085 -78.837287903
-0.540744185 0.039866757 0.840241790 332.072296143 0.092950314 0.995591283 0.012581322 -1.479690552 -0.836035728 0.084904023 -0.542065918 -80.298362732
-0.544973433 0.039243504 0.837534428 334.368347168 0.091644481 0.995707154 0.012977092 -1.474790573 -0.833429813 0.083827585 -0.546230435 -81.765777588
-0.548948526 0.038924579 0.834949374 336.643005371 0.091496453 0.995710671 0.013736427 -1.462650776 -0.830833256 0.083935507 -0.550155342 -83.245742798
-0.553070664 0.039388161 0.832202852 338.921203613 0.092758045 0.995582759 0.014524800 -1.444154739 -0.827954531 0.085226744 -0.554281056 -84.744941711
-0.556871295 0.038591012 0.829701781 341.201812744 0.092905857 0.995545506 0.016050933 -1.428566933 -0.825386465 0.086022459 -0.557976067 -86.262374878
-0.560833991 0.037370004 0.827084482 343.463653564 0.091313094 0.995678306 0.016930543 -1.412693977 -0.822877347 0.085018866 -0.561822653 -87.764556885
-0.564020097 0.036557790 0.824951410 345.727264404 0.091102824 0.995675802 0.018163634 -1.387395859 -0.820720196 0.085400060 -0.564911723 -89.298713684
-0.566614807 0.036611136 0.823169053 347.998199463 0.092026763 0.995573938 0.019066108 -1.350945950 -0.818827689 0.086556718 -0.567476153 -90.854431152
-0.569507122 0.035389822 0.821224213 350.269378662 0.088758968 0.995878756 0.018636670 -1.323900223 -0.817180216 0.083504729 -0.570301235 -92.422439575
-0.572514534 0.034401346 0.819172561 352.525756836 0.085119367 0.996214390 0.017653136 -1.301805496 -0.815464199 0.079834141 -0.573275387 -93.962203979
-0.576182425 0.033582963 0.816630960 354.794799805 0.081135675 0.996570349 0.016263358 -1.275356770 -0.813284159 0.075628556 -0.576931000 -95.524085999
-0.578556895 0.031081812 0.815049529 357.037597656 0.079503424 0.996664286 0.018427255 -1.263250828 -0.811757922 0.075460456 -0.579098165 -97.115844727
-0.581879616 0.030368963 0.812707841 359.276611328 0.079983279 0.996594965 0.020025747 -1.234968185 -0.809332311 0.076655619 -0.582327247 -98.697998047
-0.585069716 0.030367177 0.810414255 361.506866455 0.079135820 0.996667445 0.019784944 -1.207701206 -0.807112694 0.075708359 -0.585523129 -100.286560059
-0.588138223 0.029098552 0.808236778 363.727264404 0.076951586 0.996832073 0.020107718 -1.183620453 -0.805091202 0.074021220 -0.588514209 -101.878005981
-0.591341019 0.025443215 0.806020141 365.955718994 0.074601240 0.996942103 0.023261655 -1.159946442 -0.802963555 0.073885672 -0.591430843 -103.489860535
-0.594674826 0.023104554 0.803634405 368.164733887 0.072357945 0.997068405 0.024877753 -1.120932579 -0.800703585 0.072943486 -0.594603360 -105.094741821
-0.597926974 0.022753142 0.801227570 370.375976562 0.071286745 0.997145593 0.024881916 -1.074229240 -0.798374295 0.071994483 -0.597842157 -106.716270447
-0.600501001 0.022556147 0.799305797 372.569580078 0.070819005 0.997174323 0.025064845 -1.041918755 -0.796481788 0.071657509 -0.600401521 -108.344482422
-0.602977991 0.022190407 0.797449112 374.769439697 0.071055986 0.997133911 0.025980828 -1.004793167 -0.794586957 0.072329395 -0.602826595 -109.996963501
-0.605957150 0.021569284 0.795204818 376.964294434 0.070446476 0.997159898 0.026634054 -0.962423325 -0.792371929 0.072158471 -0.605755687 -111.646278381
-0.608700335 0.019478938 0.793161035 379.126617432 0.066650733 0.997420371 0.026654916 -0.926502228 -0.790595710 0.069089614 -0.608428359 -113.280693054
-0.611965179 0.016251888 0.790717721 381.296997070 0.056675877 0.998119712 0.023348829 -0.881082535 -0.788851380 0.059103291 -0.611735523 -114.919029236
-0.615379453 0.018724788 0.788008571 383.476135254 0.048943706 0.998696446 0.014490419 -0.861429691 -0.786710024 0.047485165 -0.615493715 -116.571403503
-0.617006123 0.029107969 0.786419809 385.625061035 0.059487101 0.998181701 0.009726187 -0.859003305 -0.784706771 0.052782960 -0.617615759 -118.261466980
-0.618260860 0.030256687 0.785390377 387.785522461 0.067089722 0.997643352 0.014379555 -0.854350090 -0.783104420 0.061581921 -0.618833721 -119.942779541
-0.620805085 0.021144507 0.783679605 389.952056885 0.066045061 0.997493148 0.025405293 -0.820451736 -0.781177878 0.067529917 -0.620645344 -121.636550903
-0.623920083 0.010708775 0.781414688 392.107940674 0.060220040 0.997591794 0.034411296 -0.764594078 -0.779164672 0.068526730 -0.623062313 -123.323593140
-0.626872599 0.004737683 0.779107273 394.229156494 0.054456886 0.997802317 0.037748661 -0.697613716 -0.777216315 0.066091366 -0.625752866 -125.000381470
-0.629947901 0.004115629 0.776626468 396.351928711 0.053120527 0.997872353 0.037799750 -0.634729385 -0.774818599 0.065066673 -0.628826261 -126.695899963
-0.632420957 0.009170232 0.774570584 398.479553223 0.058356132 0.997652471 0.035835259 -0.571974754 -0.772423625 0.067863919 -0.631471455 -128.403411865
-0.634618342 0.015704855 0.772666097 400.578094482 0.062797293 0.997535229 0.031302221 -0.513887405 -0.770270109 0.068386294 -0.634040415 -130.114669800
-0.637133300 0.018445199 0.770532906 402.677001953 0.063963816 0.997530460 0.029010860 -0.462303162 -0.768094897 0.067769997 -0.636739671 -131.828582764
-0.640180469 0.018910768 0.767991662 404.771240234 0.064314760 0.997506797 0.029049052 -0.411503792 -0.765527487 0.067989834 -0.639800549 -133.538574219
-0.643173814 0.018020470 0.765508115 406.854217529 0.064773075 0.997420192 0.030942015 -0.355220795 -0.762975693 0.069485411 -0.642681777 -135.271484375
-0.645655811 0.017180784 0.763435364 408.942871094 0.065166712 0.997339487 0.032668363 -0.301867485 -0.760842860 0.070843071 -0.645057738 -137.011993408
-0.647818327 0.017529605 0.761593163 411.035339355 0.065265790 0.997336566 0.032559987 -0.239206314 -0.758993924 0.070798934 -0.647237003 -138.749114990
-0.649312556 0.017925484 0.760310471 413.097625732 0.066145249 0.997264802 0.032976650 -0.184338570 -0.757639766 0.071703076 -0.648722410 -140.474822998
-0.651009202 0.018169397 0.758852363 415.152587891 0.066308618 0.997253001 0.033007797 -0.122652054 -0.756168067 0.071806818 -0.650425732 -142.220825195
-0.651887536 0.017606178 0.758111179 417.213806152 0.067866214 0.997073174 0.035201278 -0.068726540 -0.755272686 0.074397407 -0.651174426 -143.989379883
-0.653043330 0.017028986 0.757129192 419.281799316 0.069547132 0.996871114 0.037565038 0.005040169 -0.754120409 0.077187754 -0.652184248 -145.774963379
-0.654185772 0.016263036 0.756159067 421.343139648 0.070588492 0.996717870 0.039632313 0.072776794 -0.753032684 0.079303019 -0.653186619 -147.538208008
-0.655932486 0.017020935 0.754627585 423.376251221 0.069988959 0.996810198 0.038351886 0.139811516 -0.751567781 0.077971846 -0.655031443 -149.265609741
-0.657489955 0.016893828 0.753273904 425.447357178 0.065644920 0.997231424 0.034932617 0.216686249 -0.750598252 0.072416462 -0.656778574 -151.055786133
-0.658937216 0.016496841 0.752017081 427.474365234 0.063121267 0.997445881 0.033427738 0.268163681 -0.749544919 0.069495030 -0.658295453 -152.805053711
-0.660229981 0.015731731 0.750898659 429.523986816 0.062342066 0.997478306 0.033916723 0.336722374 -0.748471677 0.069205411 -0.659545839 -154.587768555
-0.660924852 0.014382467 0.750314236 431.540954590 0.060409438 0.997591257 0.034090083 0.396735191 -0.748016715 0.067857035 -0.660201788 -156.371093750
-0.661856771 0.013976071 0.749500036 433.572021484 0.058451336 0.997744322 0.033011161 0.459395409 -0.747348011 0.065657936 -0.661180735 -158.155639648
-0.663320780 0.012991408 0.748222530 435.587005615 0.057042833 0.997817993 0.033244964 0.513051987 -0.746157944 0.064732805 -0.662614405 -159.912170410
-0.664104164 0.011764796 0.747547507 437.627960205 0.057478737 0.997720301 0.035360828 0.576303482 -0.745427310 0.066451363 -0.663266420 -161.715606689
-0.664050221 0.010177043 0.747618735 439.666992188 0.059610836 0.997445047 0.039369714 0.627824783 -0.745307922 0.070709646 -0.662960231 -163.509643555
-0.663211644 0.009351303 0.748373389 441.702087402 0.064656839 0.996899486 0.044842403 0.730764389 -0.745633841 0.078127459 -0.661760092 -165.346786499
-0.662467897 0.008830285 0.749038219 443.672546387 0.068303466 0.996477127 0.048661970 0.827764511 -0.745969772 0.083398901 -0.660737276 -167.100128174
-0.660750687 0.006476149 0.750577509 445.712463379 0.062916018 0.996921659 0.046784762 0.928991318 -0.747963965 0.078136407 -0.659124136 -168.888153076
-0.660472095 0.005645091 0.750829339 447.731292725 0.055397052 0.997612774 0.041229874 1.020910263 -0.748804212 0.068824910 -0.659208119 -170.633422852
-0.658876717 0.003844917 0.752241075 449.787689209 0.051171325 0.997899830 0.039719660 1.097703934 -0.750508487 0.064663544 -0.657689631 -172.413635254
-0.656226397 0.003718980 0.754554927 451.830596924 0.049520396 0.998044312 0.038148161 1.170804977 -0.752937376 0.062399689 -0.655127168 -174.182830811
-0.653801918 0.004378989 0.756653070 453.872192383 0.051377039 0.997932315 0.038618058 1.252454758 -0.754919469 0.064123146 -0.652675092 -175.947357178
-0.651233494 0.004441204 0.758864343 455.925354004 0.052248020 0.997872412 0.038997628 1.324548721 -0.757076561 0.065045722 -0.650080085 -177.706054688
-0.649154723 0.005229282 0.760638356 457.953674316 0.049591698 0.998139799 0.035461176 1.394483566 -0.759037971 0.060741134 -0.648206592 -179.428283691
-0.647062182 0.000316335 0.762437165 459.985412598 0.043033388 0.998420894 0.036107164 1.460888863 -0.761221826 0.056173827 -0.646054089 -181.155853271
-0.646533072 -0.006122233 0.762861311 462.031433105 0.033562243 0.998771369 0.036459852 1.531539917 -0.762147248 0.049175836 -0.645533323 -182.867431641
-0.646230161 -0.009969931 0.763077378 464.104858398 0.026152337 0.999037981 0.035200581 1.593478203 -0.762694359 0.042703930 -0.645347834 -184.597625732
-0.645312309 -0.010044502 0.763852775 466.170715332 0.025635639 0.999065638 0.034794800 1.652860641 -0.763488650 0.042035356 -0.644451737 -186.330413818
-0.644155920 -0.009613940 0.764833808 468.229431152 0.027848665 0.998963416 0.036011562 1.715477943 -0.764387071 0.044496659 -0.643220365 -188.048553467
-0.642716467 -0.010172645 0.766036630 470.291839600 0.029731166 0.998827398 0.038208921 1.792507172 -0.765527010 0.047332667 -0.641660333 -189.787963867
-0.641260922 -0.012621457 0.767219186 472.358184814 0.028271142 0.998797238 0.040060852 1.865270615 -0.766801894 0.047379613 -0.640132666 -191.517730713
-0.640392065 -0.013069329 0.767937005 474.414489746 0.025975183 0.998914659 0.038661301 1.944465637 -0.767608821 0.044705689 -0.639357567 -193.212341309
-0.639638186 -0.011832864 0.768585026 476.513305664 0.025343806 0.999013364 0.036472291 2.016866684 -0.768258214 0.042807940 -0.638707161 -194.948150635
-0.638278186 -0.010746202 0.769730747 478.583251953 0.025206326 0.999074638 0.034849722 2.089242935 -0.769392908 0.041645907 -0.637416720 -196.651947021
-0.637387514 -0.010204053 0.770475805 480.643798828 0.027800085 0.998956800 0.036228042 2.135953903 -0.770041764 0.044510599 -0.636438847 -198.339202881
