1.000000000 0.000000000 0.000000000 0.000000000 0.000000000 1.000000000 0.000000000 0.000000000 0.000000000 0.000000000 1.000000000 0.000000000
0.999991238 -0.002510589 -0.003341648 -0.000015995 0.002504037 0.999994934 -0.001963587 -0.005840651 0.003346561 0.001955202 0.999992490 0.696786642
0.999972939 -0.001455947 -0.007212467 -0.009791540 0.001430369 0.999992669 -0.003550231 -0.007631870 0.007217583 0.003539819 0.999967694 1.399603844
0.999936044 -0.001674304 -0.011182519 -0.024631334 0.001620671 0.999987125 -0.004803446 -0.014081934 0.011190417 0.004785014 0.999925911 2.116171122
0.999870181 -0.000358994 -0.016110443 -0.040958092 0.000271542 0.999985218 -0.005430115 -0.018664967 0.016112152 0.005425036 0.999855459 2.861551523
0.999789655 -0.001497948 -0.020453688 -0.056603774 0.001378832 0.999982059 -0.005836537 -0.023286151 0.020462058 0.005807107 0.999773860 3.623725414
0.999691427 0.000493377 -0.024834823 -0.087127186 -0.000661547 0.999976933 -0.006763769 -0.036514089 0.024830913 0.006778112 0.999668658 4.401819706
0.999559700 0.003242550 -0.029493917 -0.121656425 -0.003478374 0.999962389 -0.007947878 -0.033849090 0.029467035 0.008046970 0.999533355 5.192036629
0.999425352 0.003470703 -0.033716150 -0.154183686 -0.003670270 0.999976099 -0.005858943 -0.049445681 0.033695005 0.005979324 0.999414265 6.003191948
0.999264121 0.002352422 -0.038285863 -0.184986740 -0.002480104 0.999991536 -0.003287809 -0.053748839 0.038277797 0.003380343 0.999261379 6.825985432
0.999145746 0.002219307 -0.041264012 -0.226424217 -0.002234682 0.999997437 -0.000326487 -0.064538077 0.041263178 0.000418420 0.999148190 7.651736736
0.999029994 0.003891517 -0.043860640 -0.272252500 -0.003946570 0.999991655 -0.001168662 -0.075019866 0.043855723 0.001340628 0.999036968 8.487120628
0.998929918 0.003267155 -0.046134364 -0.310057074 -0.003323629 0.999993801 -0.001147445 -0.081983656 0.046130329 0.001299551 0.998934627 9.331256866
0.998849273 -0.000185961 -0.047958657 -0.346831322 0.000108743 0.999998689 -0.001612703 -0.091231540 0.047958896 0.001605632 0.998848021 10.177847862
0.998752713 0.000248545 -0.049928028 -0.399267972 -0.000304090 0.999999344 -0.001104902 -0.095189512 0.049927715 0.001118707 0.998752177 11.051730156
0.998680711 -0.001381893 -0.051331829 -0.445159495 0.001303186 0.999997854 -0.001566745 -0.099879138 0.051333889 0.001497783 0.998680413 11.920936584
0.998587370 0.000527203 -0.053131226 -0.495464981 -0.000704302 0.999994278 -0.003314568 -0.115912065 0.053129174 0.003347306 0.998582065 12.797406197
0.998530567 0.000944885 -0.054183152 -0.549360514 -0.001263743 0.999982119 -0.005850857 -0.127532542 0.054176651 0.005910734 0.998513818 13.681428909
0.998411477 0.005226559 -0.056099858 -0.614170492 -0.005664221 0.999954700 -0.007645321 -0.139497086 0.056057353 0.007950936 0.998395920 14.603721619
0.998337328 0.006096478 -0.057317059 -0.666732609 -0.006529825 0.999951482 -0.007376277 -0.150535300 0.057269305 0.007738284 0.998328745 15.509006500
0.998273611 0.005445994 -0.058482431 -0.724867105 -0.005790392 0.999966919 -0.005721082 -0.166928992 0.058449343 0.006049841 0.998272002 16.420080185
0.998196423 0.005434764 -0.059785727 -0.785408378 -0.005683674 0.999975860 -0.003994115 -0.179664001 0.059762593 0.004326714 0.998203218 17.353713989
0.998156309 0.004760847 -0.060508486 -0.842039108 -0.004993091 0.999980688 -0.003687577 -0.193066597 0.060489766 0.003982903 0.998160779 18.280660629
0.998041511 0.004796653 -0.062371284 -0.898564577 -0.005083189 0.999977171 -0.004436179 -0.207427740 0.062348582 0.004744534 0.998043120 19.214651108
0.997987628 0.003345120 -0.063319415 -0.965029120 -0.003700845 0.999978006 -0.005501494 -0.215697840 0.063299619 0.005724758 0.997978151 20.139755249
0.997965813 0.003406329 -0.063659750 -1.027402878 -0.003655519 0.999986053 -0.003798347 -0.226017654 0.063645929 0.004023330 0.997964382 21.079376221
0.997964919 0.004432225 -0.063609555 -1.091460109 -0.004467541 0.999989867 -0.000412989 -0.237708449 0.063607082 0.000696327 0.997974753 22.034435272
0.997996509 0.005566720 -0.063023053 -1.156059384 -0.005357305 0.999979556 0.003491319 -0.251731008 0.063041195 -0.003146691 0.998005927 22.987360001
0.998115838 0.004513009 -0.061191447 -1.218246222 -0.004159707 0.999973953 0.005899862 -0.250650942 0.061216477 -0.005634207 0.998108625 23.945892334
0.998221099 0.004508033 -0.059449676 -1.281716585 -0.004086345 0.999965668 0.007212857 -0.261399329 0.059480153 -0.006957094 0.998205245 24.910058975
0.998275936 0.004362002 -0.058533370 -1.332664490 -0.004100442 0.999981046 0.004587932 -0.271373183 0.058552284 -0.004340008 0.998274922 25.878511429
0.998346150 0.005173192 -0.057255991 -1.394537568 -0.005191612 0.999986529 -0.000172973 -0.276898623 0.057254318 0.000469939 0.998359501 26.853328705
0.998396516 0.003970253 -0.056467853 -1.449965239 -0.004148602 0.999986708 -0.003041530 -0.284213543 0.056455035 0.003270916 0.998399794 27.831302643
0.998470247 0.002096778 -0.055251900 -1.513374090 -0.002219516 0.999995232 -0.002160165 -0.292907774 0.055247098 0.002279493 0.998470128 28.814449310
0.998469353 0.000790410 -0.055303074 -1.568381429 -0.000665615 0.999997258 0.002274946 -0.298073649 0.055304714 -0.002234652 0.998467088 29.808244705
0.998405635 -0.003496647 -0.056337584 -1.619075418 0.003854230 0.999973118 0.006239719 -0.312115073 0.056314249 -0.006446908 0.998392284 30.810426712
0.998289466 -0.010642490 -0.057488486 -1.662665963 0.010980099 0.999924362 0.005559928 -0.319751501 0.057424959 -0.006181647 0.998330712 31.806791306
0.998176932 -0.013188012 -0.058897089 -1.719722629 0.013323272 0.999909341 0.001904441 -0.326440394 0.058866631 -0.002685671 0.998262227 32.814064026
0.998108685 -0.012653548 -0.060157008 -1.782001972 0.012533613 0.999918640 -0.002370679 -0.328745037 0.060182106 0.001612210 0.998186111 33.814254761
0.997984469 -0.011659672 -0.062378455 -1.847744703 0.011506522 0.999929786 -0.002813832 -0.343047321 0.062406894 0.002090402 0.998048604 34.835884094
0.997949064 -0.011626751 -0.062948681 -1.914038420 0.011577304 0.999932349 -0.001150229 -0.358488023 0.062957793 0.000419094 0.998016179 35.853691101
0.997887552 -0.008571814 -0.064395599 -1.983213902 0.008693505 0.999960899 0.001609791 -0.371950746 0.064379290 -0.002166214 0.997923136 36.881729126
0.997810483 -0.008275722 -0.065617859 -2.054569721 0.008486894 0.999959648 0.002940105 -0.381711215 0.065590881 -0.003490559 0.997840464 37.907432556
0.997769713 -0.007128463 -0.066368803 -2.128929615 0.007520313 0.999955654 0.005656169 -0.394564569 0.066325545 -0.006142668 0.997779131 38.938541412
0.997772336 -0.007604104 -0.066276573 -2.198594332 0.008210890 0.999926746 0.008887782 -0.401099443 0.066204123 -0.009412173 0.997761726 39.960220337
0.997760773 -0.001658770 -0.066861719 -2.277210236 0.002407971 0.999935210 0.011126195 -0.406160891 0.066838942 -0.011262283 0.997700155 40.996219635
0.997762799 -0.001547889 -0.066835076 -2.351088524 0.002239537 0.999944746 0.010274895 -0.405536801 0.066815481 -0.010401589 0.997711122 42.007591248
0.997746587 -0.001935342 -0.067067742 -2.413400650 0.002533127 0.999957800 0.008829245 -0.411126792 0.067047827 -0.008979241 0.997709394 43.042831421
0.997750998 0.000369885 -0.067028135 -2.490352869 0.000063077 0.999979079 0.006457163 -0.414023876 0.067029119 -0.006446869 0.997730136 44.070602417
0.997700870 0.000175518 -0.067771159 -2.564219475 0.000266530 0.999978721 0.006513563 -0.419979513 0.067770861 -0.006516649 0.997679591 45.082908630
0.997598410 -0.001715071 -0.069241747 -2.632800579 0.002216571 0.999971867 0.007166562 -0.416282445 0.069227494 -0.007302830 0.997574210 46.101810455
0.997527361 -0.001613571 -0.070260420 -2.703723431 0.002224628 0.999960363 0.008619644 -0.428841621 0.070243724 -0.008754633 0.997491419 47.130393982
0.997520685 0.000581249 -0.070370696 -2.779400826 -0.000229761 0.999987483 0.005002795 -0.435282171 0.070372716 -0.004974223 0.997508228 48.135860443
0.997453690 0.000897075 -0.071311243 -2.855533600 -0.000831946 0.999999166 0.000943006 -0.442014009 0.071312025 -0.000881277 0.997453630 49.131263733
0.997420311 0.001692040 -0.071762823 -2.926387787 -0.001700005 0.999998510 -0.000049906 -0.456534952 0.071762644 0.000171774 0.997421682 50.123168945
0.997421503 0.000858982 -0.071760669 -3.011147499 -0.000600165 0.999993265 0.003628149 -0.473407835 0.071763292 -0.003575726 0.997415245 51.147228241
0.997411966 -0.000971333 -0.071891472 -3.079679012 0.001470316 0.999975264 0.006888181 -0.482120603 0.071882993 -0.006976057 0.997388661 52.138069153
0.997383356 -0.002822544 -0.072238594 -3.146784544 0.003368410 0.999966681 0.007435720 -0.487796515 0.072215192 -0.007659593 0.997359633 53.127460480
0.997361958 -0.005988893 -0.072341636 -3.220113754 0.006450175 0.999960303 0.006144529 -0.499437749 0.072301954 -0.006594935 0.997361004 54.126491547
0.997316122 -0.008882950 -0.072675347 -3.290646076 0.009275865 0.999944091 0.005070700 -0.508803964 0.072626248 -0.005731217 0.997342825 55.096351624
0.997216821 -0.010533548 -0.073808871 -3.362946510 0.011013923 0.999920666 0.006104376 -0.516280711 0.073738731 -0.006900311 0.997253776 56.078330994
0.997096002 -0.013496202 -0.074949481 -3.429780483 0.014309512 0.999844313 0.010325038 -0.522944927 0.074798450 -0.011367543 0.997133851 57.071617126
0.997061372 -0.014209639 -0.075277217 -3.503976822 0.015384570 0.999768376 0.015051212 -0.522831678 0.075045913 -0.016165091 0.997049093 58.047809601
0.997032285 -0.012467477 -0.075968273 -3.579139948 0.013833120 0.999751568 0.017476901 -0.525402308 0.075731523 -0.018475914 0.996956944 59.012508392
0.996924162 -0.011716167 -0.077491589 -3.651630163 0.012814205 0.999824166 0.013687756 -0.529898286 0.077317588 -0.014638647 0.996898949 59.959712982
0.996837795 -0.010188577 -0.078807354 -3.735711575 0.010693309 0.999924839 0.005985283 -0.531128049 0.078740470 -0.006809067 0.996871889 60.946380615
0.996769071 -0.008317103 -0.079888918 -3.811336994 0.008429156 0.999963820 0.001065485 -0.535281241 0.079877168 -0.001735438 0.996803284 61.885120392
0.996719301 -0.003722809 -0.080849156 -3.894181252 0.003906436 0.999990106 0.002113173 -0.547347248 0.080840476 -0.002422074 0.996724069 62.803833008
0.996671200 -0.000980026 -0.081519634 -3.981975555 0.001343725 0.999989390 0.004406743 -0.559840560 0.081514418 -0.004501612 0.996662140 63.734779358
0.996576846 0.001414502 -0.082659535 -4.058323860 -0.000914718 0.999981046 0.006083846 -0.571953654 0.082666591 -0.005987409 0.996559262 64.627578735
0.996496975 0.002232826 -0.083598718 -4.143974781 -0.001754892 0.999981642 0.005790052 -0.579965889 0.083610132 -0.005623063 0.996482670 65.530563354
0.996349990 0.004050416 -0.085265949 -4.223539352 -0.003505557 0.999972463 0.006538876 -0.586506724 0.085290104 -0.006216105 0.996336758 66.400177002
0.996235728 0.004715734 -0.086557366 -4.302520752 -0.004091362 0.999964356 0.007389382 -0.601829290 0.086589105 -0.007007429 0.996219456 67.266273499
0.996081114 0.004533542 -0.088327996 -4.376012802 -0.003858176 0.999962032 0.007815355 -0.610748827 0.088360056 -0.007443942 0.996060789 68.108741760
0.995990217 0.003960430 -0.089374825 -4.456463814 -0.003190910 0.999956608 0.008751268 -0.611744285 0.089405619 -0.008430991 0.995959580 68.959999084
0.995856941 0.007054294 -0.090660080 -4.535641670 -0.006050271 0.999917328 0.011344654 -0.614842892 0.090732619 -0.010749134 0.995817244 69.775894165
0.995751321 0.008606867 -0.091680184 -4.619643688 -0.007186512 0.999849081 0.015811395 -0.624117374 0.091802426 -0.015085353 0.995662987 70.591857910
0.995559990 0.011641531 -0.093405783 -4.697544098 -0.010055072 0.999797344 0.017437298 -0.624978065 0.093589842 -0.016420675 0.995475411 71.374160767
0.995416641 0.014491678 -0.094529122 -4.785414696 -0.013294291 0.999823391 0.013284404 -0.627069473 0.094704941 -0.011966817 0.995433450 72.154914856
0.995291471 0.014416458 -0.095850118 -4.859986782 -0.013915786 0.999885798 0.005889927 -0.632486820 0.095924094 -0.004528364 0.995378375 72.895179749
0.995156825 0.013454324 -0.097375058 -4.935028076 -0.013492718 0.999908924 0.000264216 -0.641360760 0.097369745 0.001050918 0.995247722 73.629501343
0.995101154 0.014162065 -0.097842209 -5.010344028 -0.014331550 0.999896705 -0.001029613 -0.647252202 0.097817525 0.002426799 0.995201409 74.339706421
0.994993210 0.016974343 -0.098490052 -5.089224815 -0.016794298 0.999855459 0.002656853 -0.656292319 0.098520905 -0.000989479 0.995134473 75.040016174
0.994862258 0.017337555 -0.099742815 -5.157558918 -0.016909605 0.999843895 0.005134411 -0.674124241 0.099816263 -0.003421419 0.994999945 75.705421448
0.994818270 0.013948473 -0.100707039 -5.226345062 -0.013840501 0.999902666 0.001770795 -0.684169829 0.100721933 -0.000367783 0.994914472 76.365272522
0.994892478 0.006234690 -0.100746818 -5.278698921 -0.006591788 0.999973118 -0.003212006 -0.698361695 0.100724079 0.003859702 0.994906843 76.994979858
0.995032847 0.002104773 -0.099525422 -5.335634708 -0.002917275 0.999963641 -0.008018932 -0.708871126 0.099504933 0.008269443 0.995002747 77.610618591
0.995317042 0.004375922 -0.096565448 -5.391916275 -0.005176992 0.999954224 -0.008046635 -0.724035084 0.096525803 0.008508871 0.995294094 78.210693359
0.995685697 0.009386277 -0.092314571 -5.456654549 -0.009906571 0.999937534 -0.005179470 -0.733135462 0.092260182 0.006071646 0.995716453 78.794036865
0.996121883 0.007815781 -0.087636024 -5.504913330 -0.008069665 0.999964237 -0.002543132 -0.734240174 0.087613016 0.003240461 0.996149302 79.374137878
0.996603727 0.004153562 -0.082241461 -5.534777641 -0.004012076 0.999990225 0.001885550 -0.748647451 0.082248494 -0.001549188 0.996610582 79.927116394
0.997248590 -0.000215072 -0.074129514 -5.561659813 0.000628411 0.999984384 0.005552626 -0.766206264 0.074127160 -0.005583932 0.997233152 80.470840454
0.997987926 0.003161703 -0.063325405 -5.592753887 -0.002822470 0.999981225 0.005445722 -0.772696137 0.063341439 -0.005256030 0.997978091 81.002983093
0.998805642 0.008466095 -0.048120659 -5.620307446 -0.008253738 0.999955237 0.004609997 -0.772781491 0.048157524 -0.004207315 0.998830914 81.521362305
0.999463379 0.013497921 -0.029845707 -5.638330460 -0.013341440 0.999896228 0.005435949 -0.781686902 0.029915977 -0.005034848 0.999539733 82.017478943
0.999899566 0.011978067 -0.007585280 -5.630159855 -0.011932495 0.999910712 0.006024804 -0.786486387 0.007656761 -0.005933688 0.999953151 82.509735107
0.999793768 0.008290964 0.018541425 -5.591364861 -0.008424424 0.999939084 0.007131391 -0.794425011 -0.018481158 -0.007286121 0.999802649 82.996269226
0.998827755 0.007293058 0.047852393 -5.544866562 -0.007729537 0.999930143 0.008942683 -0.802444398 -0.047783829 -0.009302078 0.998814404 83.452934265
0.996719122 0.006754979 0.080655947 -5.482357025 -0.007600729 0.999919236 0.010183463 -0.804267526 -0.080580637 -0.010763096 0.996689975 83.914398193
0.992923081 0.006687260 0.118571341 -5.405989647 -0.008025141 0.999909341 0.010809468 -0.807673633 -0.118488312 -0.011684522 0.992886782 84.367446899
0.987101734 0.006938873 0.159944370 -5.306373596 -0.008701323 0.999908864 0.010321397 -0.805865645 -0.159858197 -0.011579997 0.987072051 84.804687500
0.978887558 0.006681118 0.204290688 -5.187892914 -0.008994690 0.999905467 0.010398433 -0.810372531 -0.204201907 -0.012016428 0.978855073 85.208969116
0.967224419 0.008900886 0.253766924 -5.060651779 -0.011435186 0.999898374 0.008513359 -0.816904843 -0.253665298 -0.011136202 0.967227995 85.617111206
0.951674342 0.010276879 0.306937039 -4.902988434 -0.012667617 0.999902964 0.005797816 -0.824149430 -0.306847662 -0.009405794 0.951712191 86.014572144
0.932107449 0.010186166 0.362038791 -4.724397659 -0.012296882 0.999918222 0.003526368 -0.828033745 -0.361973226 -0.007738902 0.932156384 86.367752075
0.907951117 0.010784315 0.418937236 -4.514030457 -0.012832883 0.999915481 0.002072450 -0.837309539 -0.418879509 -0.007257857 0.908012748 86.717620850
0.878634214 0.011024778 0.477368236 -4.295143127 -0.012525886 0.999921501 -0.000038215 -0.839138746 -0.477331251 -0.005945883 0.878703356 87.056632996
0.845168829 0.009410338 0.534416497 -4.050128937 -0.010122783 0.999947488 -0.001598721 -0.850875556 -0.534403384 -0.004058593 0.845219851 87.364868164
0.808291376 0.009453751 0.588706732 -3.785022736 -0.009579429 0.999949872 -0.002905192 -0.857747376 -0.588704765 -0.003291233 0.808341384 87.658752441
0.768518925 0.008355220 0.639772534 -3.505302429 -0.008755866 0.999958456 -0.002541251 -0.860445380 -0.639767170 -0.003648764 0.768560052 87.928703308
0.726429045 0.007427615 0.687201321 -3.203464508 -0.009536654 0.999954224 -0.000726968 -0.864419937 -0.687175274 -0.006025509 0.726466715 88.176254272
0.681982934 0.006022624 0.731343389 -2.883361816 -0.008901801 0.999960303 0.000066301 -0.872201860 -0.731313944 -0.006555487 0.682009399 88.400703430
0.636103988 0.004699807 0.771588981 -2.548942566 -0.005156669 0.999985039 -0.001839786 -0.872836709 -0.771586001 -0.002808534 0.636118829 88.610275269
0.590510845 0.001789735 0.807027757 -2.197978973 0.001062999 0.999994934 -0.002995482 -0.877012372 -0.807029009 0.002626733 0.590505958 88.791122437
0.545973480 0.004145693 0.837792277 -1.855274200 -0.001261728 0.999990702 -0.004126064 -0.888208866 -0.837801516 0.001195656 0.545973539 88.931350708
0.498634845 0.006936756 0.866784394 -1.511051178 -0.005127197 0.999974072 -0.005053134 -0.895418167 -0.866797030 -0.001924506 0.498657495 89.096290588
0.452935487 0.009064562 0.891497254 -1.161647797 -0.005749301 0.999957204 -0.007246362 -0.901184797 -0.891524732 -0.001843352 0.452968329 89.239959717
0.411304623 0.006687182 0.911473393 -0.801689148 0.001319389 0.999967635 -0.007931813 -0.905862331 -0.911496997 0.004464979 0.411282450 89.345123291
0.371080756 -0.001333273 0.928599656 -0.423000336 0.015599144 0.999866843 -0.004798028 -0.917441010 -0.928469598 0.016265817 0.371052176 89.454994202
0.336091697 -0.004219450 0.941819787 -0.048694611 0.020044202 0.999795496 -0.002673657 -0.910816371 -0.941615939 0.019776622 0.336107582 89.549148560
0.303286850 -0.000606245 0.952899098 0.309806824 0.017546486 0.999833763 -0.004948554 -0.920826554 -0.952737808 0.018220864 0.303247064 89.637664795
0.271881074 0.007600601 0.962300837 0.698308945 0.005487108 0.999940336 -0.009448178 -0.933370829 -0.962315202 0.007849029 0.271823138 89.757675171
0.243262962 0.011612950 0.969890893 1.080820084 0.000872472 0.999925315 -0.012191394 -0.948836565 -0.969959915 0.003811918 0.243234649 89.845352173
0.217965141 0.013163978 0.975867748 1.477708817 0.002152922 0.999900162 -0.013969030 -0.963537812 -0.975954115 0.005145730 0.217915028 89.908142090
0.194009990 0.014838411 0.980887353 1.894214630 0.009058546 0.999815881 -0.016916446 -0.972242594 -0.980957747 0.012167375 0.193839848 89.974700928
0.174560860 0.021089887 0.984420419 2.318473816 0.015251197 0.999592721 -0.024119321 -0.972584784 -0.984528184 0.019223878 0.174168110 90.020141602
0.154868394 0.028008416 0.987537980 2.747571945 0.017087560 0.999372542 -0.031023785 -0.972005367 -0.987787247 0.021679217 0.154292628 90.073249817
0.137112007 0.028908996 0.990133524 3.194125175 0.014820611 0.999402225 -0.031231947 -0.983178735 -0.990444779 0.018956659 0.136601567 90.132255554
0.121876225 0.024337487 0.992246985 3.662315369 0.012699152 0.999579251 -0.026077155 -1.005342364 -0.992464066 0.015778882 0.121515900 90.182258606
0.107524142 0.020981500 0.993980944 4.143416405 0.012616547 0.999667943 -0.022466341 -1.027318597 -0.994122386 0.014956283 0.107223749 90.224433899
0.094195902 0.018500715 0.995381773 4.633715630 0.014783017 0.999691069 -0.019979773 -1.044157982 -0.995443881 0.016596755 0.093893334 90.261978149
0.082667440 0.017779682 0.996418536 5.141165733 0.018575218 0.999639630 -0.019378241 -1.054671764 -0.996404111 0.020110637 0.082307376 90.292549133
0.072341800 0.018560765 0.997207165 5.673980236 0.021943578 0.999555171 -0.020196352 -1.063592553 -0.997138500 0.023343334 0.071902327 90.323669434
0.064157538 0.019179925 0.997755408 6.213645458 0.023777707 0.999502063 -0.020742454 -1.076709032 -0.997656524 0.025055122 0.063669533 90.355613708
0.058778185 0.019496411 0.998080611 6.773889065 0.026247444 0.999433398 -0.021068579 -1.088840604 -0.997925997 0.027435441 0.058233149 90.379074097
0.053487711 0.020510644 0.998357892 7.344215870 0.026584685 0.999405384 -0.021956464 -1.104921579 -0.998214602 0.027715430 0.052910637 90.400177002
0.047629662 0.020897886 0.998646438 7.931338310 0.027529053 0.999373794 -0.022226088 -1.121340990 -0.998485625 0.028550411 0.047024541 90.423187256
0.043109976 0.021005014 0.998849511 8.542783737 0.029821614 0.999306381 -0.022301713 -1.135375261 -0.998625159 0.030748732 0.042453676 90.442382812
0.040367197 0.020976687 0.998964667 9.178760529 0.030969111 0.999273002 -0.022234591 -1.151250362 -0.998704851 0.031834595 0.039688218 90.464401245
0.037152972 0.020321049 0.999102950 9.830554008 0.031150071 0.999283850 -0.021483084 -1.170815229 -0.998823941 0.031920284 0.036493357 90.491348267
0.034873314 0.019763656 0.999196291 10.493288040 0.033856217 0.999207318 -0.020945504 -1.189728618 -0.998818040 0.034559447 0.034176551 90.503654480
0.034138385 0.019390235 0.999229014 11.177186012 0.038718257 0.999035537 -0.020709280 -1.205537915 -0.998666823 0.039395392 0.033354707 90.520721436
0.035410479 0.018909058 0.999193966 11.889943123 0.041993205 0.998909771 -0.020391876 -1.224687338 -0.998490334 0.042681430 0.034577809 90.536994934
0.037722819 0.018917415 0.999109149 12.607295990 0.043889645 0.998824537 -0.020569142 -1.241856456 -0.998324037 0.044626471 0.036848195 90.563209534
0.041387722 0.019089067 0.998960853 13.348304749 0.046492245 0.998697639 -0.021010250 -1.259269476 -0.998061001 0.047313496 0.040446326 90.595718384
0.046116166 0.018182144 0.998770595 14.122543335 0.046951290 0.998690009 -0.020348553 -1.282044172 -0.997832060 0.047831971 0.045202076 90.623550415
0.050258260 0.016536893 0.998599350 14.900544167 0.048119690 0.998661697 -0.018959727 -1.300135136 -0.997576296 0.049005177 0.049395248 90.657600403
0.054311235 0.015202109 0.998408318 15.697718620 0.047992345 0.998688817 -0.017817060 -1.316492677 -0.997370005 0.048883617 0.053510442 90.697647095
0.058297362 0.012802255 0.998217165 16.497200012 0.045285936 0.998854518 -0.015455195 -1.339211226 -0.997271597 0.046106189 0.057650819 90.755592346
0.062351719 0.011775208 0.997984767 17.306583405 0.044400875 0.998907685 -0.014560158 -1.356039524 -0.997066021 0.045219250 0.061760783 90.810867310
0.066340774 0.012965424 0.997712851 18.130681992 0.041281253 0.999023736 -0.015727369 -1.374053478 -0.996942699 0.042230200 0.065740779 90.869018555
0.069695301 0.016775629 0.997427285 18.977443695 0.039401874 0.999032021 -0.019555831 -1.400242686 -0.996789873 0.040663451 0.068966836 90.936546326
0.071140893 0.022114690 0.997221112 19.812500000 0.033795942 0.999126673 -0.024567928 -1.422641516 -0.996893585 0.035449814 0.070331387 91.003761292
0.070841081 0.024985820 0.997174561 20.649696350 0.030691769 0.999158323 -0.027215922 -1.453946114 -0.997015357 0.032533061 0.070014589 91.071418762
0.071148135 0.024629878 0.997161627 21.491521835 0.028483169 0.999237359 -0.026713435 -1.483087063 -0.997058988 0.030302931 0.070392318 91.135566711
0.070955828 0.022641212 0.997222483 22.333707809 0.025787110 0.999366522 -0.024524735 -1.515964389 -0.997146070 0.027455663 0.070327021 91.202713013
0.070841126 0.021511015 0.997255623 23.175306320 0.026498694 0.999373972 -0.023439072 -1.544933558 -0.997135520 0.028086426 0.070226766 91.267044067
0.071327426 0.020466406 0.997242928 24.007143021 0.023787353 0.999470115 -0.022213496 -1.584704161 -0.997169316 0.025306204 0.070802808 91.329963684
0.071378686 0.021471404 0.997218132 24.864517212 0.022382196 0.999482095 -0.023122219 -1.604654312 -0.997198164 0.023970362 0.070861138 91.399757385
0.071551710 0.022318309 0.997187138 25.698801041 0.019381691 0.999529839 -0.023761446 -1.632901430 -0.997248590 0.021027343 0.071085490 91.464447021
0.070035204 0.023038406 0.997278452 26.528089523 0.016403137 0.999571502 -0.024243314 -1.670093298 -0.997409701 0.018056383 0.069627300 91.532203674
0.067176417 0.023187935 0.997471571 27.346828461 0.013252856 0.999620974 -0.024130438 -1.693598509 -0.997653067 0.014840346 0.066843651 91.590583801
0.063711405 0.021921096 0.997727513 28.188360214 0.010964224 0.999683022 -0.022664193 -1.725683451 -0.997908115 0.012383272 0.063450851 91.644638062
0.059396736 0.019676885 0.998040497 29.016244888 0.008982033 0.999754727 -0.020245232 -1.751153708 -0.998194039 0.010166934 0.059205413 91.686798096
0.053017139 0.017426092 0.998441517 29.842891693 0.006702194 0.999818921 -0.017806021 -1.779000640 -0.998571098 0.007635771 0.052890752 91.735137939
0.045269135 0.017608546 0.998819649 30.668495178 0.005825167 0.999822974 -0.017890243 -1.810616016 -0.998957872 0.006628167 0.045158550 91.779045105
0.036429580 0.018450130 0.999165893 31.482944489 0.005380830 0.999811471 -0.018658239 -1.835613847 -0.999321818 0.006056055 0.036323436 91.807746887
0.026268443 0.018931538 0.999475718 32.298637390 0.005645220 0.999801874 -0.019086089 -1.860805869 -0.999638975 0.006143622 0.026156371 91.830909729
0.016250728 0.018033788 0.999705315 33.111095428 0.007545418 0.999806643 -0.018158270 -1.884019017 -0.999839485 0.007838280 0.016111514 91.842002869
0.005694029 0.017259352 0.999834895 33.919464111 0.006273629 0.999830723 -0.017295010 -1.909839153 -0.999964118 0.006371070 0.005584787 91.842788696
-0.005509507 0.016137140 0.999854624 34.719608307 0.008122244 0.999837577 -0.016092103 -1.933826923 -0.999951899 0.008032402 -0.005639682 91.834899902
-0.016692217 0.016399786 0.999726295 35.526592255 0.007681782 0.999838054 -0.016273363 -1.963479996 -0.999831140 0.007408040 -0.016815497 91.826492310
-0.027846396 0.017065277 0.999466538 36.310886383 0.007507023 0.999829710 -0.016862322 -1.987788677 -0.999583960 0.007033465 -0.027969763 91.805587769
-0.037995748 0.017894533 0.999117792 37.105686188 0.007764821 0.999814749 -0.017611725 -2.016095400 -0.999247730 0.007088797 -0.038127668 91.764633179
-0.048411101 0.019341944 0.998640239 37.881263733 0.008146226 0.999786854 -0.018969249 -2.035165548 -0.998794258 0.007216826 -0.048558347 91.723220825
-0.057408076 0.019911384 0.998152196 38.669292450 0.009265292 0.999768615 -0.019410741 -2.061793804 -0.998307824 0.008133838 -0.057579279 91.665763855
-0.066834383 0.020160718 0.997560382 39.438934326 0.010008624 0.999759018 -0.019534599 -2.088849783 -0.997713983 0.008678623 -0.067020059 91.608879089
-0.076142393 0.020833839 0.996879220 40.189380646 0.010022657 0.999747097 -0.020128235 -2.112497807 -0.997046530 0.008458765 -0.076331958 91.549507141
-0.085339807 0.020159584 0.996147931 40.970211029 0.011121489 0.999752223 -0.019279752 -2.137574673 -0.996289849 0.009433320 -0.085542887 91.489471436
-0.092477210 0.019314153 0.995527506 41.708290100 0.012928095 0.999750853 -0.018195169 -2.159457922 -0.995630920 0.011187637 -0.092703886 91.411529541
-0.097772971 0.017396070 0.995056689 42.441219330 0.015497252 0.999752641 -0.015955428 -2.186728001 -0.995088041 0.013860638 -0.098018371 91.335266113
-0.101437151 0.015763158 0.994716942 43.186077118 0.018841006 0.999725580 -0.013921197 -2.212105989 -0.994663537 0.017329346 -0.101706311 91.255897522
-0.104026951 0.014730895 0.994465292 43.899665833 0.020355156 0.999712467 -0.012679349 -2.231664419 -0.994366169 0.018923499 -0.104296885 91.174118042
-0.105753548 0.013751190 0.994297266 44.610000610 0.020684440 0.999718368 -0.011626168 -2.255501509 -0.994177341 0.019336974 -0.106008179 91.102569580
-0.106413178 0.014349746 0.994218349 45.298065186 0.021902749 0.999687076 -0.012084380 -2.273791313 -0.994080722 0.020490184 -0.106694184 91.025794983
-0.105594635 0.015176537 0.994293451 45.972370148 0.022533225 0.999663293 -0.012865462 -2.294656754 -0.994153857 0.021046113 -0.105901062 90.958541870
-0.102431878 0.016917648 0.994596183 46.626045227 0.023737077 0.999612212 -0.014558328 -2.312591553 -0.994456768 0.022117566 -0.102793746 90.886222839
-0.097216643 0.017715380 0.995105565 47.252048492 0.023632172 0.999600828 -0.015486667 -2.327103138 -0.994982660 0.022010949 -0.097596474 90.828147888
-0.089466959 0.017783025 0.995831013 47.866802216 0.022739992 0.999616444 -0.015807629 -2.360106945 -0.995730102 0.021230930 -0.089837037 90.782173157
-0.078119360 0.017710928 0.996786773 48.465751648 0.021954224 0.999630332 -0.016040875 -2.380308151 -0.996702194 0.020630574 -0.078479305 90.738494873
-0.064537093 0.017940460 0.997754097 49.037487030 0.021375801 0.999633849 -0.016591623 -2.400608540 -0.997686267 0.020257019 -0.064896964 90.711982727
-0.047435746 0.019455737 0.998684824 49.590110779 0.020623537 0.999616206 -0.018494304 -2.419937849 -0.998661339 0.019719120 -0.047818780 90.702316284
-0.026214514 0.022117291 0.999411643 50.136989594 0.018983468 0.999585986 -0.021623218 -2.439321995 -0.999476075 0.018405456 -0.026623527 90.705123901
-0.001466341 0.025107658 0.999683738 50.662391663 0.017802447 0.999526978 -0.025077607 -2.458156824 -0.999840498 0.017760040 -0.001912631 90.718299866
0.027179018 0.026663996 0.999274909 51.195434570 0.015942860 0.999505460 -0.027103774 -2.484556913 -0.999503434 0.016667956 0.026740469 90.748916626
0.060166173 0.026334126 0.997840941 51.731426239 0.013428832 0.999540091 -0.027188681 -2.502757072 -0.998098016 0.015035678 0.059784874 90.803718567
0.098304242 0.023791118 0.994871974 52.250427246 0.012655823 0.999603391 -0.025154797 -2.522367716 -0.995075881 0.015063748 0.097964153 90.876312256
0.140246898 0.019657450 0.989921391 52.756637573 0.009993108 0.999723792 -0.021267872 -2.549703121 -0.990066171 0.012875148 0.140011728 90.972320557
0.185651273 0.015465614 0.982494056 53.258979797 0.007277015 0.999827027 -0.017113518 -2.567759991 -0.982588768 0.010326770 0.185506612 91.090217590
0.234077305 0.012112386 0.972142518 53.753067017 0.003075660 0.999908090 -0.013198901 -2.585679531 -0.972213149 0.006079539 0.234018549 91.237304688
0.285561830 0.010443930 0.958303332 54.214111328 -0.000549553 0.999942183 -0.010733960 -2.603779793 -0.958360136 0.002538571 0.285551101 91.403976440
0.339469403 0.010041686 0.940563619 54.680122375 -0.001328179 0.999947131 -0.010196313 -2.624646187 -0.940616131 0.002212099 0.339464873 91.613288879
0.397819608 0.011363297 0.917393267 55.125022888 0.000890779 0.999917984 -0.012771769 -2.629023075 -0.917463243 0.005898054 0.397776872 91.829460144
0.457634836 0.014874049 0.889015853 55.545249939 0.001628982 0.999844313 -0.017566860 -2.639913797 -0.889138758 0.009487397 0.457539320 92.081085205
0.514922798 0.017722355 0.857053339 55.905639648 0.002972061 0.999743283 -0.022458561 -2.663841724 -0.857231438 0.014111637 0.514737964 92.368980408
0.573559940 0.021747809 0.818874776 56.280288696 -0.000766551 0.999661267 -0.026012253 -2.677320480 -0.819163263 0.014291882 0.573382318 92.667610168
0.630211115 0.024321198 0.776042819 56.640396118 -0.004108301 0.999599695 -0.027991198 -2.691154957 -0.776412964 0.014452143 0.630058765 92.989181519
0.680549860 0.025772681 0.732248366 56.928131104 -0.005555638 0.999533951 -0.030016840 -2.701096773 -0.732680678 0.016359843 0.680375874 93.347732544
0.728846371 0.024698008 0.684231758 57.211200714 -0.006149019 0.999544978 -0.029529585 -2.710834980 -0.684649706 0.017315175 0.728666544 93.711463928
0.773756683 0.021469882 0.633118868 57.474395752 -0.007764238 0.999671876 -0.024411216 -2.719261408 -0.633435249 0.013972657 0.773669481 94.097885132
0.814210415 0.016117349 0.580345988 57.710048676 -0.007782298 0.999827743 -0.016848817 -2.736558676 -0.580517650 0.009202055 0.814195573 94.511657715
0.851177037 0.012754510 0.524723768 57.930427551 -0.008844457 0.999911249 -0.009957967 -2.752219677 -0.524804175 0.003835096 0.851214468 94.923133850
0.882086039 0.009387786 0.470994741 58.121406555 -0.009092879 0.999954402 -0.002901638 -2.758406162 -0.471000373 -0.001723204 0.882131279 95.361007690
0.907038033 0.010031498 0.420929372 58.273525238 -0.012312829 0.999920607 0.002702359 -2.768985987 -0.420868695 -0.007633973 0.907089472 95.810661316
0.926934540 0.011957146 0.375032365 58.413707733 -0.015446693 0.999860764 0.006299696 -2.778062105 -0.374904811 -0.011632415 0.926990330 96.253311157
0.942037582 0.018472161 0.334998548 58.538158417 -0.022791343 0.999700069 0.008966247 -2.782870531 -0.334732413 -0.016081605 0.942175984 96.711441040
0.953537047 0.022194427 0.300457060 58.645416260 -0.025695259 0.999640107 0.007704737 -2.774040222 -0.300177902 -0.015067073 0.953764200 97.179054260
0.962708116 0.024342524 0.269444913 58.744499207 -0.027505301 0.999589860 0.007968357 -2.781458616 -0.269140452 -0.015082364 0.962982833 97.645072937
0.968634069 0.018876215 0.247773796 58.853893280 -0.021533130 0.999735951 0.008017348 -2.781363726 -0.247556984 -0.013101220 0.968784750 98.127777100
0.972514629 0.016207311 0.232277453 58.962127686 -0.018755671 0.999785602 0.008766763 -2.789465904 -0.232085586 -0.012882323 0.972610056 98.612876892
0.975406826 0.019751452 0.219525844 59.062454224 -0.022150051 0.999718726 0.008470103 -2.787220001 -0.219296798 -0.013124303 0.975569904 99.121726990
0.977431238 0.025361357 0.209726483 59.155044556 -0.027852824 0.999572098 0.008934054 -2.781960964 -0.209410235 -0.014573897 0.977719247 99.636009216
0.978488326 0.032811079 0.203676015 59.250976562 -0.034932584 0.999366343 0.006828682 -2.768430233 -0.203322917 -0.013796718 0.979014516 100.155990601
0.978827834 0.038621917 0.201008946 59.343414307 -0.040245496 0.999181867 0.003995310 -2.778833151 -0.200690150 -0.012000423 0.979581296 100.691299438
0.978906214 0.040330909 0.200289756 59.450508118 -0.041449070 0.999139607 0.001390689 -2.789513350 -0.200061351 -0.009663178 0.979735732 101.270278931
0.978435695 0.038411718 0.202948004 59.565608978 -0.038751852 0.999246240 -0.002298905 -2.791318893 -0.202883333 -0.005615279 0.979186893 101.823692322
0.977703869 0.037280124 0.206652522 59.690235138 -0.036231354 0.999304175 -0.008858560 -2.795172215 -0.206838980 0.001173746 0.978374302 102.378135681
0.976788342 0.037615839 0.210878044 59.813667297 -0.035590820 0.999276757 -0.013391323 -2.796983957 -0.211229280 0.005575165 0.977420688 102.951324463
0.975584149 0.042420667 0.215489715 59.931514740 -0.040525209 0.999091208 -0.013208766 -2.802711725 -0.215854228 0.004153497 0.976416767 103.553863525
0.974284649 0.045318812 0.220716238 60.068420410 -0.044400059 0.998972297 -0.009124539 -2.814853191 -0.220902875 -0.000909916 0.975295305 104.163116455
0.973308802 0.042202812 0.225586057 60.212043762 -0.042321220 0.999094725 -0.004313229 -2.826650858 -0.225563899 -0.005348973 0.974213660 104.779998779
0.972588539 0.037965119 0.229412869 60.365081787 -0.039323997 0.999225557 0.001352770 -2.832690001 -0.229183868 -0.010337120 0.973328233 105.408973694
0.971822023 0.035688650 0.232998163 60.520950317 -0.038155768 0.999253213 0.006088517 -2.839987040 -0.232606918 -0.014807180 0.972458124 106.040649414
0.971246779 0.031271514 0.236012205 60.681533813 -0.033751886 0.999409378 0.006475798 -2.841123581 -0.235670269 -0.014255455 0.971728504 106.691635132
0.971237779 0.027941654 0.236466512 60.843444824 -0.029625516 0.999554634 0.003570103 -2.846885204 -0.236261442 -0.010472860 0.971633017 107.345962524
0.971394420 0.027385714 0.235887319 61.006515503 -0.027368585 0.999619782 -0.003347393 -2.851916790 -0.235889301 -0.003204263 0.971774638 108.003189087
0.971574366 0.029469868 0.234893069 61.166519165 -0.027890606 0.999560535 -0.010043375 -2.859269619 -0.235085815 0.003206576 0.971969306 108.673683167
0.972132564 0.032128140 0.232219666 61.326454163 -0.029732408 0.999462485 -0.013810301 -2.862305403 -0.232538551 0.006520996 0.972565293 109.362815857
0.972785056 0.030465813 0.229697183 61.497184753 -0.029085299 0.999532700 -0.009394232 -2.871728659 -0.229876086 0.002457759 0.973216712 110.073356628
0.973121166 0.026925566 0.228714094 61.665435791 -0.027221335 0.999627650 -0.001862076 -2.879134417 -0.228679091 -0.004413877 0.973491848 110.809165955
0.973654747 0.027570169 0.226354510 61.831695557 -0.029202731 0.999566078 0.003866387 -2.887368679 -0.226149678 -0.010374696 0.974037349 111.541610718
0.973990977 0.030652599 0.224504039 61.988613129 -0.032244891 0.999474168 0.003428696 -2.896704912 -0.224280864 -0.010578629 0.974467039 112.275886536
0.974290073 0.036669470 0.222292826 62.150497437 -0.037328545 0.999302208 -0.001237384 -2.901314974 -0.222183108 -0.007092295 0.974979162 113.037841797
0.975111187 0.037894253 0.218454346 62.313114166 -0.037341096 0.999280274 -0.006661638 -2.902901649 -0.218549564 -0.001661487 0.975824416 113.797393799
0.976062894 0.035981998 0.214491412 62.482597351 -0.034731604 0.999350607 -0.009596636 -2.914178610 -0.214697421 0.001917289 0.976678729 114.570701599
0.976987004 0.033548813 0.210644141 62.651710510 -0.032587219 0.999436617 -0.008035460 -2.924372673 -0.210795030 0.000986233 0.977529824 115.352165222
0.977853417 0.030046362 0.207122862 62.826377869 -0.029447764 0.999548435 -0.005973233 -2.934818506 -0.207208797 -0.000258358 0.978296757 116.146240234
0.978192925 0.029134002 0.205644965 62.988296509 -0.029125921 0.999570966 -0.003067093 -2.949864626 -0.205646142 -0.002989390 0.978621840 116.951446533
0.978601038 0.026038727 0.204112872 63.162895203 -0.026451126 0.999649823 -0.000707993 -2.957173347 -0.204059839 -0.004706173 0.978947163 117.765678406
0.978799701 0.021013210 0.203738928 63.343059540 -0.021594070 0.999766648 0.000628086 -2.967111826 -0.203678221 -0.005014324 0.979025006 118.592796326
0.978882372 0.021679511 0.203271955 63.505016327 -0.022556713 0.999743581 0.001999351 -2.971848965 -0.203176484 -0.006542275 0.979120255 119.429244995
0.978655636 0.027040767 0.203720167 63.670608521 -0.027598752 0.999619126 -0.000102056 -2.976542950 -0.203645319 -0.005522544 0.979029119 120.263885498
0.978379071 0.032965492 0.204175517 63.837066650 -0.032969728 0.999450564 -0.003381871 -2.983678102 -0.204174787 -0.003422857 0.978928506 121.107681274
0.977842629 0.041771732 0.205131322 63.997337341 -0.041644912 0.999120355 -0.004937433 -2.990691900 -0.205157116 -0.003714644 0.978721976 121.951797485
0.976969004 0.047798287 0.207958385 64.171173096 -0.047989592 0.998839319 -0.004128087 -3.008671522 -0.207914323 -0.005946824 0.978128910 122.805038452
0.976162374 0.050179128 0.211161211 64.336471558 -0.050849594 0.998703778 -0.002257149 -3.020993233 -0.211000755 -0.008534119 0.977448642 123.664459229
0.975570142 0.051001616 0.213685766 64.516616821 -0.051536191 0.998666406 -0.003071916 -3.031445503 -0.213557452 -0.008015683 0.976897657 124.527412415
0.975291491 0.049085453 0.215399727 64.705322266 -0.048987839 0.998782575 -0.005795094 -3.041715622 -0.215421930 -0.004900062 0.976508796 125.366279602
0.975294888 0.043126073 0.216656297 64.898635864 -0.043227822 0.999056160 -0.004271734 -3.059504747 -0.216636032 -0.005199380 0.976238668 126.216972351
0.975477576 0.036480282 0.217054695 65.094573975 -0.036113624 0.999331653 -0.005656980 -3.079189777 -0.217116028 -0.002320374 0.976143062 127.055419922
0.975185454 0.035442840 0.218533993 65.282844543 -0.035051856 0.999369442 -0.005666957 -3.096769333 -0.218597025 -0.002133691 0.975812912 127.919143677
0.974754155 0.038224589 0.219984487 65.472221375 -0.038561735 0.999252379 -0.002762924 -3.108811140 -0.219925597 -0.005789811 0.975499570 128.773361206
0.974350214 0.039948955 0.221463010 65.653259277 -0.041607514 0.999130130 0.002827041 -3.115485668 -0.221157461 -0.011969055 0.975164652 129.629852295
0.973936200 0.043599911 0.222592518 65.845352173 -0.046384435 0.998897076 0.007294316 -3.130998611 -0.222028971 -0.017429026 0.974884331 130.498657227
0.973794401 0.042424273 0.223438174 66.030586243 -0.043665931 0.999045908 0.000616922 -3.142778873 -0.223198816 -0.010357390 0.974717915 131.330718994
0.974088013 0.038100328 0.222936496 66.229171753 -0.035932928 0.999259293 -0.013771903 -3.157775402 -0.223296106 0.005404287 0.974735677 132.157333374
