1.000000000 0.000000000 0.000000000 0.000000000 0.000000000 1.000000000 0.000000000 0.000000000 0.000000000 0.000000000 1.000000000 0.000000000
0.999999881 -0.000411946 -0.000147548 -0.006106513 0.000412209 0.999998331 0.001791990 -0.020659504 0.000146809 -0.001792051 0.999998391 1.341498852
0.999998808 -0.001506053 -0.000379360 -0.021929400 0.001506700 0.999997377 0.001711379 -0.037062265 0.000376782 -0.001711948 0.999998450 2.707020760
0.999994695 -0.003209102 -0.000572544 -0.025637956 0.003209572 0.999994516 0.000822396 -0.055855565 0.000569901 -0.000824230 0.999999523 4.041584969
0.999994099 -0.003400528 -0.000431127 -0.027927930 0.003400822 0.999993980 0.000681438 -0.072992176 0.000428807 -0.000682900 0.999999702 5.388572216
0.999991655 -0.004064783 -0.000485828 -0.032182693 0.004065630 0.999990165 0.001754455 -0.093942828 0.000478691 -0.001756415 0.999998331 6.727519512
0.999984026 -0.005639877 -0.000301700 -0.038488839 0.005640773 0.999979377 0.003059883 -0.117032893 0.000284437 -0.003061536 0.999995232 8.069050789
0.999985337 -0.005362153 -0.000639019 -0.038905520 0.005364339 0.999979615 0.003470005 -0.133123741 0.000620399 -0.003473383 0.999993742 9.419968605
0.999990165 -0.004344463 -0.000861438 -0.046950929 0.004345856 0.999989271 0.001620470 -0.151602834 0.000854388 -0.001624198 0.999998271 10.773052216
0.999998689 -0.001152692 -0.001046315 -0.054533906 0.001151947 0.999999046 -0.000711312 -0.169968888 0.001047134 0.000710106 0.999999225 12.124572754
0.999998093 0.001858274 -0.000623049 -0.075023659 -0.001858954 0.999997675 -0.001092575 -0.201954380 0.000621017 0.001093731 0.999999225 13.481560707
0.999990582 0.004322984 -0.000401140 -0.089084357 -0.004323537 0.999989748 -0.001390211 -0.221213400 0.000395126 0.001391932 0.999998987 14.838136673
0.999986529 0.005181052 -0.000294608 -0.097233772 -0.005181175 0.999986470 -0.000415454 -0.247425497 0.000292452 0.000416975 0.999999881 16.201440811
0.999996006 0.002826799 -0.000067239 -0.096306190 -0.002826630 0.999993145 0.002400751 -0.268276215 0.000074025 -0.002400551 0.999997139 17.578739166
0.999998748 -0.001536961 0.000132148 -0.094721645 0.001536371 0.999989331 0.004354162 -0.293665886 -0.000138839 -0.004353953 0.999990523 18.957948685
0.999991298 -0.004175519 0.000009772 -0.096843928 0.004175492 0.999989390 0.001956918 -0.309477508 -0.000017943 -0.001956861 0.999998093 20.322240829
0.999987245 -0.005046634 -0.000086504 -0.102460407 0.005046648 0.999987245 0.000166892 -0.334168822 0.000085661 -0.000167327 1.000000000 21.683227539
0.999996424 -0.002510305 0.001003706 -0.117588326 0.002511586 0.999996006 -0.001276784 -0.356266499 -0.001000497 0.001279301 0.999998748 23.046840668
0.999998689 0.000307869 0.001558892 -0.126205459 -0.000309114 0.999999642 0.000798401 -0.379172444 -0.001558646 -0.000798882 0.999998391 24.423395157
0.999997020 0.000854859 0.002291189 -0.133707777 -0.000864810 0.999990106 0.004346055 -0.396070540 -0.002287451 -0.004348023 0.999987841 25.805582047
0.999994934 -0.002119605 0.002430391 -0.133271873 0.002104237 0.999977887 0.006308420 -0.411233008 -0.002443709 -0.006303274 0.999977112 27.192934036
0.999981642 -0.005717698 0.002031275 -0.130025044 0.005708297 0.999973118 0.004603953 -0.426138073 -0.002057545 -0.004592274 0.999987364 28.578355789
0.999975324 -0.006636239 0.002278283 -0.133233905 0.006631086 0.999975443 0.002261921 -0.447483331 -0.002293237 -0.002246758 0.999994874 29.969997406
0.999972582 -0.006769851 0.002990998 -0.132029235 0.006770436 0.999977052 -0.000185188 -0.466300189 -0.002989676 0.000205433 0.999995530 31.368820190
0.999988139 -0.003425638 0.003454303 -0.143038720 0.003428136 0.999993861 -0.000717281 -0.494752765 -0.003451825 0.000729114 0.999993801 32.749912262
0.999988675 -0.002718929 0.003883763 -0.147053599 0.002729706 0.999992371 -0.002772270 -0.515967607 -0.003876197 0.002782840 0.999988675 34.143383026
0.999990702 -0.001546467 0.004022577 -0.151338443 0.001555347 0.999996305 -0.002205525 -0.544341743 -0.004019151 0.002211761 0.999989450 35.541110992
0.999991477 -0.001601922 0.003789761 -0.151605651 0.001605795 0.999998212 -0.001019091 -0.566900909 -0.003788122 0.001025168 0.999992311 36.950050354
0.999993503 -0.000026946 0.003592047 -0.156362861 0.000025106 0.999999881 0.000511997 -0.586873770 -0.003592060 -0.000511904 0.999993443 38.355224609
0.999990106 0.002544473 0.003644404 -0.161397874 -0.002547551 0.999996424 0.000840312 -0.613713562 -0.003642253 -0.000849588 0.999993026 39.765632629
0.999979019 0.005058373 0.004029004 -0.171206057 -0.005060129 0.999987066 0.000425560 -0.634473741 -0.004026799 -0.000445938 0.999991775 41.179698944
0.999965191 0.007335085 0.003954300 -0.174939916 -0.007338050 0.999972761 0.000735964 -0.652591705 -0.003948794 -0.000764955 0.999991834 42.600120544
0.999961257 0.008021280 0.003609708 -0.175143719 -0.008024988 0.999967277 0.001013395 -0.677137136 -0.003601461 -0.001042323 0.999992967 44.028209686
0.999968886 0.007158138 0.003317853 -0.177444518 -0.007160537 0.999974132 0.000712287 -0.698509097 -0.003312669 -0.000736022 0.999994218 45.454853058
0.999975741 0.006430420 0.002709258 -0.179845467 -0.006431162 0.999979317 0.000265716 -0.717566431 -0.002707493 -0.000283133 0.999996245 46.879589081
0.999983311 0.005588874 0.001453515 -0.176659256 -0.005590076 0.999983966 0.000824333 -0.750087619 -0.001448885 -0.000832445 0.999998569 48.314403534
0.999982595 0.005871554 0.000561196 -0.181039274 -0.005872504 0.999981225 0.001707181 -0.765021205 -0.000551162 -0.001710447 0.999998391 49.747020721
0.999982178 0.005919714 -0.000783493 -0.177529976 -0.005918596 0.999981463 0.001421937 -0.792556107 0.000791896 -0.001417274 0.999998689 51.189456940
0.999979675 0.006189676 -0.001571685 -0.189952105 -0.006186499 0.999978840 0.002017755 -0.811986446 0.001584141 -0.002007991 0.999996722 52.623527527
0.999977946 0.006146167 -0.002521671 -0.206992090 -0.006138816 0.999976933 0.002911925 -0.836877286 0.002539510 -0.002896381 0.999992609 54.055110931
0.999983072 0.004853788 -0.003219530 -0.213732496 -0.004841425 0.999980867 0.003836764 -0.855476379 0.003238091 -0.003821112 0.999987483 55.512039185
0.999987841 0.002958412 -0.003945776 -0.218658745 -0.002942113 0.999987125 0.004130060 -0.880892277 0.003957944 -0.004118401 0.999983668 56.945976257
0.999989092 0.000725786 -0.004627894 -0.223586738 -0.000710492 0.999994278 0.003305535 -0.897864401 0.004630267 -0.003302211 0.999983788 58.387454987
0.999988377 -0.001009473 -0.004720304 -0.240531445 0.001028418 0.999991417 0.004012985 -0.924370289 0.004716212 -0.004017793 0.999980807 59.825244904
0.999988139 -0.002149256 -0.004374614 -0.247481465 0.002170282 0.999986112 0.004807409 -0.943122923 0.004364221 -0.004816846 0.999978840 61.272171021
0.999985218 -0.003635701 -0.004050798 -0.253127664 0.003658760 0.999977052 0.005699771 -0.960687637 0.004029982 -0.005714508 0.999975562 62.716972351
0.999983847 -0.004727980 -0.003161469 -0.268752635 0.004744602 0.999974847 0.005271055 -0.988992572 0.003136468 -0.005285970 0.999981046 64.127799988
0.999972880 -0.006785696 -0.002852328 -0.272588521 0.006798536 0.999966681 0.004516293 -1.008622169 0.002821587 -0.004535563 0.999985695 65.567680359
0.999978423 -0.006246918 -0.002041509 -0.283229589 0.006255330 0.999971867 0.004140059 -1.027055740 0.002015590 -0.004152739 0.999989331 66.997512817
0.999988198 -0.004605913 -0.001535984 -0.289290160 0.004611667 0.999982238 0.003763781 -1.043395400 0.001518621 -0.003770820 0.999991715 68.440048218
0.999998212 -0.001607025 -0.000987927 -0.301815480 0.001612168 0.999985039 0.005226820 -1.066100240 0.000979513 -0.005228403 0.999985874 69.857765198
0.999997735 0.002126478 -0.000000818 -0.318780482 -0.002126431 0.999978364 0.006220601 -1.081169248 0.000014046 -0.006220586 0.999980628 71.280891418
0.999980509 0.006207109 0.000631438 -0.329195768 -0.006211142 0.999958873 0.006596286 -1.097033620 -0.000590468 -0.006600079 0.999978065 72.703224182
0.999941528 0.010682926 0.001678821 -0.348336279 -0.010692993 0.999924183 0.006107997 -1.111929893 -0.001613442 -0.006125590 0.999979913 74.122055054
0.999899447 0.013960776 0.002475735 -0.360077381 -0.013974371 0.999886870 0.005562130 -1.131136656 -0.002397803 -0.005596168 0.999981463 75.538711548
0.999876142 0.015462381 0.002915112 -0.363382757 -0.015477838 0.999865830 0.005355932 -1.147744656 -0.002831905 -0.005400387 0.999981403 76.955955505
0.999867797 0.015941937 0.003197212 -0.366115272 -0.015960360 0.999855697 0.005822035 -1.172108650 -0.003103936 -0.005872294 0.999977946 78.381095886
0.999883413 0.014898581 0.003347236 -0.370453596 -0.014916886 0.999873519 0.005512399 -1.188393354 -0.003264686 -0.005561688 0.999979138 79.791564941
0.999900937 0.013674630 0.003311169 -0.375847280 -0.013690513 0.999894679 0.004822721 -1.209226370 -0.003244871 -0.004867577 0.999982893 81.188629150
0.999913096 0.012844851 0.002941506 -0.375497639 -0.012858743 0.999905944 0.004753308 -1.230352640 -0.002880174 -0.004790719 0.999984384 82.597030640
0.999914110 0.012825684 0.002696552 -0.378507972 -0.012838555 0.999906003 0.004811603 -1.244903445 -0.002634587 -0.004845808 0.999984741 84.017951965
0.999921978 0.012313160 0.002108337 -0.377764314 -0.012322419 0.999914229 0.004435660 -1.265576005 -0.002053539 -0.004461293 0.999987960 85.422080994
0.999919474 0.012610714 0.001359470 -0.386639595 -0.012616985 0.999909341 0.004706016 -1.282200575 -0.001300000 -0.004722791 0.999988019 86.837196350
0.999926150 0.012148318 0.000183772 -0.385434210 -0.012149150 0.999910951 0.005526298 -1.303625584 -0.000116620 -0.005528124 0.999984682 88.253334045
0.999949038 0.010068404 -0.000716417 -0.395544678 -0.010063494 0.999927878 0.006557177 -1.320785761 0.000782386 -0.006549634 0.999978185 89.639778137
0.999967277 0.007852016 -0.001955565 -0.400001526 -0.007838307 0.999945343 0.006922804 -1.338137984 0.002009816 -0.006907247 0.999974132 91.044898987
0.999980509 0.005699509 -0.002542885 -0.407567859 -0.005681026 0.999957800 0.007217344 -1.361353755 0.002583913 -0.007202758 0.999970675 92.419982910
0.999985635 0.004234930 -0.003258964 -0.409157455 -0.004213049 0.999968708 0.006691858 -1.376358271 0.003287201 -0.006678032 0.999972284 93.826438904
0.999988973 0.003178030 -0.003457501 -0.419476867 -0.003156303 0.999975443 0.006271536 -1.395324230 0.003477347 -0.006260553 0.999974370 95.201965332
0.999987245 0.003730078 -0.003403281 -0.430946827 -0.003710859 0.999977231 0.005636194 -1.412075877 0.003424227 -0.005623492 0.999978304 96.575553894
0.999987185 0.003736781 -0.003421006 -0.439573228 -0.003719647 0.999980569 0.005001444 -1.431407928 0.003439629 -0.004988654 0.999981642 97.944770813
0.999984801 0.004548723 -0.003091819 -0.451398849 -0.004535844 0.999981046 0.004160118 -1.446342587 0.003110684 -0.004146031 0.999986589 99.317146301
0.999978185 0.006018615 -0.002708196 -0.467156827 -0.006006517 0.999972165 0.004453345 -1.464681983 0.002734924 -0.004436981 0.999986351 100.674537659
0.999977171 0.006176394 -0.002749450 -0.469364703 -0.006159441 0.999962211 0.006132232 -1.484077930 0.002787222 -0.006115158 0.999977350 102.032257080
0.999969304 0.007411900 -0.002507377 -0.485920727 -0.007393199 0.999945402 0.007387057 -1.501297712 0.002561993 -0.007368294 0.999969482 103.394729614
0.999973953 0.006879567 -0.002153355 -0.496084452 -0.006866475 0.999958277 0.006029293 -1.517358065 0.002194744 -0.006014350 0.999979436 104.742149353
0.999974847 0.006690974 -0.002333503 -0.501373887 -0.006682040 0.999970317 0.003815731 -1.543008566 0.002358965 -0.003800043 0.999989986 106.108947754
0.999975920 0.006355547 -0.002788063 -0.507285178 -0.006348448 0.999976456 0.002547885 -1.560504317 0.002804191 -0.002530124 0.999992847 107.457809448
0.999989867 0.003805875 -0.002397088 -0.516652107 -0.003797061 0.999986053 0.003670990 -1.579061270 0.002411026 -0.003661850 0.999990404 108.820465088
0.999997199 0.001175434 -0.002047386 -0.516341925 -0.001163684 0.999982953 0.005730742 -1.596929193 0.002054087 -0.005728344 0.999981523 110.183433533
0.999999464 -0.000334623 -0.000995173 -0.526014030 0.000340670 0.999981403 0.006081725 -1.616475821 0.000993120 -0.006082061 0.999980927 111.534568787
0.999999881 -0.000502806 -0.000014898 -0.535636961 0.000502870 0.999988794 0.004708032 -1.633841276 0.000012530 -0.004708041 0.999988914 112.875373840
0.999999285 0.001102496 0.000404058 -0.534241378 -0.001103450 0.999996603 0.002369798 -1.653623581 -0.000401444 -0.002370242 0.999997079 114.222335815
0.999992788 0.003449643 0.001614435 -0.539691091 -0.003449794 0.999994099 0.000090481 -1.670313478 -0.001614113 -0.000096050 0.999998689 115.568824768
0.999977708 0.005893374 0.003144084 -0.552790761 -0.005894203 0.999982595 0.000254534 -1.695035934 -0.003142529 -0.000273060 0.999995053 116.918968201
0.999965370 0.006867372 0.004685194 -0.556397676 -0.006877750 0.999973893 0.002202777 -1.716004014 -0.004669944 -0.002234925 0.999986589 118.268630981
0.999959409 0.006999939 0.005669496 -0.552786052 -0.007025313 0.999965310 0.004468117 -1.736823559 -0.005638023 -0.004507766 0.999973893 119.625900269
0.999957740 0.006649041 0.006344448 -0.546483636 -0.006681309 0.999964774 0.005078419 -1.750932217 -0.006310457 -0.005120595 0.999966979 120.976104736
0.999950886 0.006527889 0.007459442 -0.543805182 -0.006561235 0.999968529 0.004454422 -1.771037817 -0.007430130 -0.004503145 0.999962270 122.329322815
0.999927104 0.008407262 0.008666460 -0.540499687 -0.008442339 0.999956250 0.004018634 -1.789108038 -0.008632297 -0.004091506 0.999954343 123.683784485
0.999900281 0.010051552 0.009915079 -0.535353541 -0.010088839 0.999942183 0.003717673 -1.806554556 -0.009877139 -0.003817334 0.999943912 125.035614014
0.999881566 0.010780407 0.010980248 -0.528111935 -0.010810552 0.999937892 0.002689809 -1.820461512 -0.010950570 -0.002808193 0.999936104 126.400131226
0.999855280 0.012091682 0.011955157 -0.519898772 -0.012116043 0.999924600 0.001967303 -1.842921734 -0.011930467 -0.002111868 0.999926627 127.772117615
0.999859333 0.010631284 0.012964888 -0.507887363 -0.010651693 0.999942064 0.001506278 -1.858520508 -0.012948124 -0.001644165 0.999914825 129.113693237
0.999849081 0.010592459 0.013770366 -0.499841809 -0.010632443 0.999939382 0.002833594 -1.883137703 -0.013739519 -0.002979579 0.999901175 130.489303589
0.999847293 0.009261372 0.014811361 -0.488926888 -0.009317158 0.999949634 0.003701797 -1.900477171 -0.014776330 -0.003839232 0.999883473 131.842193604
0.999852419 0.008512350 0.014920320 -0.475866079 -0.008571508 0.999955654 0.003905600 -1.921128750 -0.014886412 -0.004032913 0.999881029 133.210098267
0.999864757 0.006221466 0.015222084 -0.462121725 -0.006285625 0.999971628 0.004170722 -1.935662270 -0.015195703 -0.004265839 0.999875426 134.589096069
0.999881089 0.004796301 0.014650696 -0.444910765 -0.004867455 0.999976516 0.004824927 -1.958996654 -0.014627210 -0.004895666 0.999881029 135.948318481
0.999889314 0.003447714 0.014468454 -0.434552312 -0.003514131 0.999983430 0.004567646 -1.975046396 -0.014452467 -0.004617986 0.999884903 137.305999756
0.999916017 0.001938036 0.012807541 -0.414601088 -0.001995140 0.999988139 0.004447340 -1.995656729 -0.012798768 -0.004472518 0.999908090 138.675338745
0.999929190 0.000104317 0.011896415 -0.401969552 -0.000164200 0.999987364 0.005032856 -2.007775545 -0.011895738 -0.005034453 0.999916553 140.042724609
0.999941587 -0.000634969 0.010783371 -0.392756939 0.000576608 0.999985099 0.005414393 -2.027822733 -0.010786650 -0.005407860 0.999927223 141.399490356
0.999955773 -0.001680650 0.009251243 -0.373384953 0.001630261 0.999983788 0.005451583 -2.045713186 -0.009260257 -0.005436261 0.999942362 142.770614624
0.999964654 -0.001703209 0.008229566 -0.377659321 0.001664194 0.999987364 0.004745330 -2.060106516 -0.008237543 -0.004731468 0.999954879 144.128494263
0.999972284 -0.001485258 0.007302954 -0.370703936 0.001455887 0.999990821 0.004025542 -2.072939634 -0.007308866 -0.004014798 0.999965191 145.497406006
0.999973059 -0.003921865 0.006227996 -0.369439602 0.003909107 0.999990225 0.002059458 -2.098626852 -0.006236012 -0.002035056 0.999978483 146.855102539
0.999941885 -0.009455674 0.005190372 -0.354712903 0.009448523 0.999954343 0.001400446 -2.113538742 -0.005203378 -0.001351324 0.999985516 148.223709106
0.999844134 -0.017164286 0.004140242 -0.347428381 0.017147860 0.999845028 0.003971334 -2.137350321 -0.004207766 -0.003899718 0.999983490 149.569839478
0.999710917 -0.023905750 0.002574323 -0.325137377 0.023891909 0.999700606 0.005279345 -2.150001764 -0.002699759 -0.005216314 0.999982774 150.941467285
0.999632299 -0.027068730 0.001605554 -0.327399492 0.027065316 0.999631584 0.002108506 -2.174158573 -0.001662037 -0.002064276 0.999996483 152.307693481
0.999664485 -0.025822099 0.002026166 -0.323728830 0.025824463 0.999665916 -0.001149360 -2.192655087 -0.001995809 0.001201299 0.999997258 153.673324585
0.999720275 -0.023497086 0.002664993 -0.322173953 0.023504589 0.999719679 -0.002820271 -2.229011297 -0.002597978 0.002882123 0.999992490 155.035690308
0.999714851 -0.023588069 0.003700712 -0.324378073 0.023598008 0.999717951 -0.002666043 -2.257006884 -0.003636781 0.002752612 0.999989629 156.410430908
0.999637902 -0.026587408 0.004131936 -0.321937680 0.026584417 0.999646246 0.000777744 -2.285131454 -0.004151152 -0.000667618 0.999991119 157.753906250
0.999501824 -0.031225536 0.004584160 -0.311862290 0.031210667 0.999507487 0.003280523 -2.301367044 -0.004684338 -0.003135814 0.999984145 159.119796753
0.999364316 -0.035377786 0.004400279 -0.295525730 0.035355885 0.999362469 0.004957414 -2.327062130 -0.004572855 -0.004798687 0.999978006 160.499328613
0.999321461 -0.036551271 0.004534814 -0.288216829 0.036529716 0.999321282 0.004747800 -2.338780165 -0.004705275 -0.004578924 0.999978423 161.867187500
0.999391556 -0.034491822 0.005180920 -0.278842986 0.034465451 0.999392927 0.005095646 -2.354346991 -0.005353533 -0.004913983 0.999973536 163.251968384
0.999523461 -0.030140173 0.006665274 -0.280636191 0.030115606 0.999539375 0.003756413 -2.366150379 -0.006775421 -0.003553894 0.999970675 164.616424561
0.999588490 -0.027724091 0.007359378 -0.282326579 0.027706804 0.999613047 0.002440596 -2.395551682 -0.007424194 -0.002235687 0.999969900 165.972473145
0.999650717 -0.025037380 0.008458721 -0.291095734 0.025019199 0.999684453 0.002248183 -2.415535450 -0.008512342 -0.002035768 0.999961674 167.312210083
0.999712884 -0.022537000 0.008128062 -0.265868425 0.022512831 0.999741912 0.003052739 -2.434813499 -0.008194764 -0.002868878 0.999962330 168.734420776
0.999743760 -0.021215472 0.007893616 -0.258075118 0.021192718 0.999771178 0.002955282 -2.457334518 -0.007954505 -0.002787238 0.999964416 170.114501953
0.999778748 -0.019725304 0.007301585 -0.253566623 0.019720146 0.999805212 0.000777558 -2.481080532 -0.007315500 -0.000633397 0.999972999 171.494323730
0.999857008 -0.015287582 0.007223411 -0.261613607 0.015305571 0.999879897 -0.002441936 -2.500161171 -0.007185212 0.002552145 0.999970853 172.865142822
0.999927342 -0.009703825 0.007143443 -0.266313910 0.009731557 0.999945223 -0.003857802 -2.520310879 -0.007105615 0.003927040 0.999967039 174.252944946
0.999958456 -0.005521090 0.007254486 -0.263723135 0.005541448 0.999980748 -0.002789160 -2.542870522 -0.007238948 0.002829244 0.999969780 175.651702881
0.999965310 -0.002893802 0.007810725 -0.266910076 0.002898508 0.999995589 -0.000591159 -2.570386648 -0.007808981 0.000613778 0.999969244 177.049667358
0.999966741 -0.002088747 0.007878045 -0.264003277 0.002076040 0.999996662 0.001620753 -2.593405724 -0.007881403 -0.001604344 0.999967575 178.436614990
0.999961555 -0.005247275 0.007019749 -0.253982067 0.005230004 0.999983191 0.002476705 -2.611177921 -0.007032628 -0.002439897 0.999972284 179.835372925
0.999957263 -0.007532004 0.005351953 -0.245009065 0.007517475 0.999967992 0.002729589 -2.633507967 -0.005372342 -0.002689240 0.999981880 181.234207153
0.999963701 -0.007837077 0.003356619 -0.238897324 0.007841715 0.999968290 -0.001370907 -2.657847404 -0.003345769 0.001397179 0.999993384 182.642318726
0.999977529 -0.006452539 0.001805565 -0.246492416 0.006463159 0.999961495 -0.005940116 -2.677315712 -0.001767167 0.005951653 0.999980688 184.054870605
0.999997854 -0.001727920 0.001063742 -0.257051170 0.001734720 0.999977767 -0.006424876 -2.709727287 -0.001052617 0.006426707 0.999978781 185.468032837
0.999997675 0.001998225 0.000961768 -0.266598344 -0.001992627 0.999981225 -0.005787417 -2.733410835 -0.000973315 0.005785486 0.999982774 186.879760742
0.999992609 0.003667158 0.001153038 -0.270250827 -0.003664839 0.999991298 -0.002006492 -2.766685247 -0.001160387 0.002002252 0.999997318 188.301773071
0.999987423 0.004756073 0.001589938 -0.280464232 -0.004755766 0.999988794 -0.000197461 -2.785935163 -0.001590859 0.000189897 0.999998689 189.727432251
0.999991357 0.003782628 0.001714842 -0.285410404 -0.003783868 0.999992728 0.000720675 -2.800997019 -0.001712103 -0.000727158 0.999998212 191.145355225
0.999997735 0.001662686 0.001413106 -0.280920446 -0.001664486 0.999997795 0.001273535 -2.820363760 -0.001410985 -0.001275884 0.999998212 192.574752808
0.999998569 -0.000991010 0.001357620 -0.277656496 0.000988813 0.999998331 0.001617683 -2.837956429 -0.001359221 -0.001616338 0.999997795 194.019866943
0.999992371 -0.003573708 0.001568570 -0.274370462 0.003571193 0.999992251 0.001603252 -2.856563807 -0.001574287 -0.001597638 0.999997556 195.465042114
0.999973536 -0.006931797 0.002208490 -0.282289803 0.006925366 0.999971807 0.002906867 -2.886083126 -0.002228577 -0.002891495 0.999993324 196.884841919
0.999936819 -0.010944622 0.002571725 -0.276452124 0.010934193 0.999932110 0.004034962 -2.899474144 -0.002615712 -0.004006587 0.999988556 198.345077515
0.999901533 -0.013758417 0.002757873 -0.273659945 0.013747118 0.999897122 0.004075244 -2.916245937 -0.002813659 -0.004036930 0.999987900 199.790756226
0.999921143 -0.012168276 0.003096612 -0.277462006 0.012168217 0.999925971 0.000037594 -2.939687729 -0.003096840 0.000000089 0.999995232 201.235565186
0.999982953 -0.004586486 0.003621325 -0.288124561 0.004604756 0.999976575 -0.005052966 -2.964024305 -0.003598065 0.005069556 0.999980688 202.679977417
0.999977887 0.004466027 0.004931469 -0.299648762 -0.004440921 0.999977171 -0.005090581 -2.990605831 -0.004954091 0.005068568 0.999974906 204.141662598
0.999906838 0.012216640 0.006110065 -0.310498357 -0.012206493 0.999924064 -0.001695451 -3.012666225 -0.006130314 0.001620711 0.999979913 205.607467651
0.999890983 0.013004459 0.006991410 -0.315954328 -0.013010195 0.999915063 0.000775728 -3.041899681 -0.006980729 -0.000866603 0.999975204 207.043533325
0.999916971 0.011142447 0.006464859 -0.309437633 -0.011149838 0.999937236 0.001108469 -3.058771372 -0.006452102 -0.001180460 0.999978423 208.504028320
0.999958515 0.007493518 0.005196750 -0.299993396 -0.007499844 0.999971151 0.001198929 -3.080898285 -0.005187615 -0.001237854 0.999985754 209.982894897
0.999973714 0.005687813 0.004497479 -0.299221933 -0.005691597 0.999983430 0.000829076 -3.102351904 -0.004492689 -0.000854652 0.999989510 211.452178955
0.999973178 0.006434225 0.003501795 -0.291397572 -0.006433793 0.999979317 -0.000134663 -3.120841026 -0.003502588 0.000112130 0.999993861 212.930969238
0.999963462 0.007806921 0.003497822 -0.297904193 -0.007807259 0.999969542 0.000083110 -3.141661882 -0.003497066 -0.000110416 0.999993920 214.407318115
0.999951065 0.009165956 0.003718593 -0.311896384 -0.009169223 0.999957561 0.000862408 -3.165055275 -0.003710531 -0.000896462 0.999992669 215.879241943
0.999962330 0.008061643 0.003205212 -0.306377292 -0.008063044 0.999967337 0.000424505 -3.190399170 -0.003201685 -0.000450333 0.999994755 217.363601685
0.999957561 0.008666140 0.003118610 -0.319039583 -0.008663810 0.999962091 -0.000759807 -3.213975191 -0.003125077 0.000732756 0.999994874 218.850204468
0.999967873 0.007601329 0.002587939 -0.316040993 -0.007598736 0.999970555 -0.001010479 -3.239396572 -0.002595544 0.000990781 0.999996126 220.351821899
0.999964118 0.008134796 0.002367026 -0.321663916 -0.008132109 0.999966264 -0.001142311 -3.266505480 -0.002376238 0.001123021 0.999996543 221.840011597
0.999959171 0.008772254 0.002182337 -0.320723265 -0.008769056 0.999960482 -0.001470911 -3.292034626 -0.002195154 0.001451714 0.999996483 223.339050293
0.999963820 0.008363659 0.001530275 -0.319603324 -0.008361130 0.999963820 -0.001650395 -3.316681147 -0.001544023 0.001637541 0.999997437 224.855407715
0.999957800 0.009101911 0.001234801 -0.325858921 -0.009099782 0.999957144 -0.001716688 -3.345549107 -0.001250374 0.001705379 0.999997735 226.348449707
0.999959707 0.008933512 0.000834067 -0.330358028 -0.008932021 0.999958575 -0.001776596 -3.371819973 -0.000849904 0.001769074 0.999998093 227.847305298
0.999953151 0.009656184 0.000685344 -0.342418909 -0.009654765 0.999951243 -0.002043402 -3.397914410 -0.000705042 0.002036689 0.999997675 229.373214722
0.999960005 0.008929943 0.000504579 -0.348576307 -0.008928749 0.999957383 -0.002321014 -3.422037601 -0.000525284 0.002316416 0.999997199 230.876663208
0.999974489 0.007107039 0.000713466 -0.353904277 -0.007105524 0.999972522 -0.002102684 -3.455223083 -0.000728390 0.002097561 0.999997556 232.392440796
0.999981999 0.005937034 0.000799803 -0.358404577 -0.005935628 0.999980867 -0.001747473 -3.484658241 -0.000810162 0.001742694 0.999998152 233.911956787
0.999989092 0.004563788 0.000996985 -0.360684395 -0.004562664 0.999988973 -0.001126174 -3.509452105 -0.001002114 0.001121613 0.999998927 235.440856934
0.999986827 0.005001743 0.001174793 -0.374155283 -0.005000885 0.999987245 -0.000732652 -3.543759584 -0.001178442 0.000726767 0.999999046 236.950622559
0.999983490 0.005561285 0.001394609 -0.382795215 -0.005559542 0.999983788 -0.001250298 -3.568159580 -0.001401539 0.001242524 0.999998271 238.468048096
0.999977708 0.006447424 0.001695338 -0.387117505 -0.006444152 0.999977350 -0.001928228 -3.593631983 -0.001707732 0.001917260 0.999996722 239.991714478
0.999966621 0.007826294 0.002315805 -0.395106435 -0.007823646 0.999968648 -0.001150154 -3.618253231 -0.002324735 0.001131998 0.999996662 241.511734009
0.999963343 0.008044072 0.002936797 -0.393751919 -0.008046505 0.999967277 0.000817436 -3.643402338 -0.002930126 -0.000841037 0.999995351 243.050827026
0.999963164 0.007829631 0.003499290 -0.397108912 -0.007834269 0.999968469 0.001313964 -3.668991804 -0.003488892 -0.001341331 0.999993026 244.595565796
0.999956787 0.008312708 0.004151373 -0.400398254 -0.008311732 0.999965429 -0.000252451 -3.696076870 -0.004153328 0.000217935 0.999991298 246.129211426
0.999949932 0.008826230 0.004711602 -0.401032805 -0.008818362 0.999959648 -0.001688495 -3.721598148 -0.004726316 0.001646862 0.999987423 247.658981323
0.999946892 0.009154834 0.004736514 -0.393727064 -0.009150356 0.999957681 -0.000966210 -3.748759270 -0.004745160 0.000922818 0.999988258 249.197021484
0.999946415 0.009046634 0.005030001 -0.402019024 -0.009045450 0.999958992 -0.000258336 -3.770563126 -0.005032132 0.000212823 0.999987245 250.749420166
0.999944866 0.009321722 0.004824255 -0.399474740 -0.009323637 0.999956489 0.000374531 -3.802525997 -0.004820554 -0.000419490 0.999988258 252.287887573
0.999941230 0.009792536 0.004655362 -0.399633884 -0.009794540 0.999951899 0.000407414 -3.827087402 -0.004651148 -0.000452987 0.999989092 253.831420898
0.999926090 0.011234920 0.004631273 -0.395807147 -0.011238340 0.999936700 0.000713526 -3.855205059 -0.004622962 -0.000765521 0.999989033 255.376205444
0.999908090 0.012527222 0.005182996 -0.406129003 -0.012531802 0.999921083 0.000852124 -3.883040667 -0.005171912 -0.000916998 0.999986172 256.917694092
0.999903619 0.012934687 0.005042635 -0.401388049 -0.012939378 0.999915898 0.000899015 -3.908968925 -0.005030582 -0.000964177 0.999986887 258.481628418
0.999918997 0.011691647 0.005013768 -0.396778107 -0.011696609 0.999931097 0.000961468 -3.924308062 -0.005002182 -0.001020034 0.999986947 260.026367188
0.999937177 0.010037107 0.004989201 -0.384655237 -0.010044612 0.999948502 0.001481157 -3.941156626 -0.004974077 -0.001531178 0.999986470 261.583251953
0.999962151 0.006983515 0.005190553 -0.394620061 -0.006998581 0.999971330 0.002889950 -3.978238583 -0.005170221 -0.002926166 0.999982357 263.138427734
0.999968529 0.005824998 0.005398913 -0.391322613 -0.005837380 0.999980330 0.002280433 -4.000520706 -0.005385524 -0.002311876 0.999982834 264.693969727
0.999981880 0.003755226 0.004688302 -0.383538365 -0.003762996 0.999991536 0.001649760 -4.028017521 -0.004682067 -0.001667372 0.999987602 266.240142822
0.999984026 0.002024487 0.005269908 -0.380251288 -0.002040479 0.999993324 0.003031085 -4.042838097 -0.005263736 -0.003041790 0.999981463 267.793273926
0.999981403 -0.000392054 0.006085740 -0.387909174 0.000362256 0.999987960 0.004896727 -4.059376240 -0.006087586 -0.004894432 0.999969482 269.343475342
0.999984384 -0.001166232 0.005465526 -0.368171334 0.001146880 0.999993086 0.003542501 -4.068098545 -0.005469619 -0.003536177 0.999978840 270.921417236
0.999974787 -0.001779453 0.006862145 -0.385560513 0.001757469 0.999993324 0.003208349 -4.103209496 -0.006867808 -0.003196209 0.999971330 272.440948486
0.999969184 -0.000948905 0.007780029 -0.382966042 0.000924304 0.999994516 0.003165008 -4.125901222 -0.007782991 -0.003157719 0.999964774 273.990325928
0.999964476 0.001495875 0.008297894 -0.370021582 -0.001517705 0.999995410 0.002625043 -4.139944077 -0.008293929 -0.002637544 0.999962151 275.573699951
0.999953032 0.003031538 0.009204047 -0.367842674 -0.003053462 0.999992490 0.002368947 -4.161980152 -0.009196795 -0.002396940 0.999954820 277.125823975
0.999940455 0.004244928 0.010045089 -0.356322050 -0.004265856 0.999988735 0.002062917 -4.186938763 -0.010036219 -0.002105645 0.999947369 278.681060791
0.999929190 0.004769513 0.010899142 -0.344949484 -0.004788767 0.999987006 0.001741199 -4.211670399 -0.010890695 -0.001793269 0.999939084 280.236846924
0.999918520 0.005180735 0.011661998 -0.338105679 -0.005196041 0.999985695 0.001282705 -4.236498833 -0.011655186 -0.001343197 0.999931157 281.804321289
0.999905527 0.005021330 0.012793678 -0.327812910 -0.005030058 0.999987125 0.000650109 -4.261099815 -0.012790249 -0.000714400 0.999917924 283.371978760
0.999905646 0.003856617 0.013183845 -0.303338766 -0.003869993 0.999991953 0.000989236 -4.282264233 -0.013179922 -0.001040164 0.999912620 284.943267822
0.999900937 0.002232405 0.013896074 -0.287418127 -0.002260072 0.999995470 0.001975532 -4.302855492 -0.013891602 -0.002006742 0.999901474 286.502044678
0.999898911 0.001916498 0.014086023 -0.268842220 -0.001946071 0.999995947 0.002086032 -4.324853420 -0.014081969 -0.002113234 0.999898612 288.080413818
0.999898314 0.001140975 0.014214617 -0.251688004 -0.001137069 0.999999225 -0.000282894 -4.350241661 -0.014214930 0.000266702 0.999898911 289.634765625
0.999904156 -0.000182043 0.013840963 -0.234608173 0.000215302 0.999997079 -0.002401545 -4.376339436 -0.013840487 0.002404294 0.999901354 291.219879150
0.999916494 -0.000182944 0.012920365 -0.214854240 0.000213058 0.999997258 -0.002329400 -4.408710480 -0.012919903 0.002331958 0.999913812 292.785797119
0.999925971 -0.001282522 0.012097960 -0.198363543 0.001312550 0.999996006 -0.002474463 -4.430826187 -0.012094740 0.002490159 0.999923706 294.361938477
0.999938726 -0.001210638 0.011005579 -0.186287165 0.001244204 0.999994576 -0.003043550 -4.463405609 -0.011001837 0.003057057 0.999934793 295.941497803
0.999944508 -0.001179183 0.010470817 -0.175769567 0.001213236 0.999993980 -0.003246448 -4.493950367 -0.010466926 0.003258971 0.999939919 297.532440186
0.999951601 -0.001176832 0.009770226 -0.163816452 0.001202372 0.999995887 -0.002608555 -4.524811745 -0.009767118 0.002620176 0.999948859 299.120361328
0.999960065 -0.001654317 0.008782360 -0.151816368 0.001677273 0.999995172 -0.002607160 -4.550008774 -0.008778005 0.002621787 0.999957979 300.709655762
0.999966860 -0.002019703 0.007889848 -0.147360086 0.002027658 0.999997437 -0.001000425 -4.583811760 -0.007887808 0.001016390 0.999968350 302.303558350
0.999973357 -0.000040254 0.007293225 -0.138107538 0.000038766 1.000000000 0.000204129 -4.606935024 -0.007293233 -0.000203841 0.999973357 303.917449951
0.999967992 0.000269995 0.007985724 -0.131282568 -0.000270993 0.999999940 0.000123838 -4.626888752 -0.007985689 -0.000125998 0.999968052 305.527770996
0.999960244 0.000724528 0.008889787 -0.122081757 -0.000723559 0.999999762 -0.000112224 -4.648579121 -0.008889866 0.000105787 0.999960423 307.127868652
0.999957621 -0.000809565 0.009173596 -0.111088037 0.000812294 0.999999583 -0.000293794 -4.674326897 -0.009173353 0.000301234 0.999957860 308.729431152
0.999953926 -0.002441673 0.009282775 -0.096176863 0.002455977 0.999995828 -0.001529837 -4.694116116 -0.009279000 0.001552565 0.999955773 310.345764160
0.999947727 -0.003908264 0.009446224 -0.075214148 0.003942155 0.999985814 -0.003571754 -4.716694355 -0.009432130 0.003608805 0.999948978 311.974151611
0.999946177 -0.004411767 0.009388950 -0.070164442 0.004455306 0.999979377 -0.004621338 -4.746466160 -0.009368368 0.004662921 0.999945223 313.605682373
0.999967337 -0.003611302 0.007231099 -0.062451601 0.003652626 0.999976993 -0.005709806 -4.779382229 -0.007210312 0.005736032 0.999957561 315.233642578
0.999983132 -0.003368001 0.004728208 -0.055131316 0.003389897 0.999983490 -0.004630481 -4.806132317 -0.004712534 0.004646432 0.999978065 316.885803223
0.999989629 -0.001061921 0.004432727 -0.048155785 0.001069621 0.999997854 -0.001734989 -4.843785763 -0.004430875 0.001739712 0.999988675 318.518218994
0.999984622 -0.002422375 0.004988164 -0.046415329 0.002416015 0.999996245 0.001280604 -4.864941597 -0.004991247 -0.001268533 0.999986768 320.164123535
0.999980390 -0.003577362 0.005139979 -0.040517211 0.003566109 0.999991238 0.002196874 -4.896326065 -0.005147792 -0.002178501 0.999984384 321.818969727
0.999975443 -0.004735828 0.005164807 -0.033783197 0.004731081 0.999988377 0.000930931 -4.917414188 -0.005169156 -0.000906473 0.999986291 323.443267822
0.999969125 -0.005463689 0.005644052 -0.030943513 0.005459728 0.999984860 0.000716985 -4.943291664 -0.005647884 -0.000686148 0.999983788 325.118347168
0.999968529 -0.005131422 0.006038856 -0.038427949 0.005124738 0.999986291 0.001121856 -4.967726231 -0.006044529 -0.001090873 0.999981165 326.752838135
0.999964535 -0.005382726 0.006474400 -0.024688482 0.005376073 0.999984980 0.001044606 -5.003276825 -0.006479926 -0.001009762 0.999978423 328.396362305
0.999970376 -0.003565142 0.006815815 -0.015159845 0.003567557 0.999993563 -0.000342285 -5.020587444 -0.006814551 0.000366591 0.999976635 330.051483154
0.999965310 -0.002929260 0.007799255 -0.019347191 0.002932661 0.999995589 -0.000424704 -5.060942650 -0.007797976 0.000447561 0.999969482 331.677398682
0.999955654 -0.004673220 0.008171231 -0.011417150 0.004659202 0.999987602 0.001733682 -5.090060234 -0.008179232 -0.001695534 0.999965131 333.297668457
0.999949932 -0.005301884 0.008483328 0.003432989 0.005281739 0.999983132 0.002395289 -5.117770195 -0.008495886 -0.002350363 0.999961078 334.945922852
0.999944925 -0.006542156 0.008207686 0.016916752 0.006533215 0.999978065 0.001115697 -5.138228416 -0.008214806 -0.001062013 0.999965608 336.573669434
0.999953210 -0.005023873 0.008269248 0.021097183 0.005014793 0.999986768 0.001118612 -5.165429592 -0.008274758 -0.001077091 0.999965191 338.198089600
0.999961913 -0.003487951 0.007998895 0.025653839 0.003494375 0.999993563 -0.000789331 -5.191967010 -0.007996090 0.000817252 0.999967694 339.830841064
0.999970138 -0.001652322 0.007541858 0.023503542 0.001681429 0.999991119 -0.003854517 -5.219519615 -0.007535421 0.003867083 0.999964118 341.441558838
0.999977648 -0.000375869 0.006677305 0.024094820 0.000398294 0.999994218 -0.003357397 -5.253561497 -0.006676005 0.003359981 0.999972045 343.072174072
0.999984741 0.000150103 0.005526962 0.028249860 -0.000151060 0.999999940 0.000172774 -5.285874844 -0.005526936 -0.000173606 0.999984682 344.688110352
0.999988794 0.001183816 0.004578823 0.027064085 -0.001196944 0.999995172 0.002865453 -5.312965870 -0.004575409 -0.002870901 0.999985397 346.311370850
0.999993026 0.001654163 0.003349092 0.027848959 -0.001659869 0.999997199 0.001701900 -5.339817524 -0.003346267 -0.001707447 0.999992967 347.926391602
0.999998689 0.000752290 0.001443903 0.026066631 -0.000752452 0.999999702 0.000112072 -5.366836071 -0.001443818 -0.000113158 0.999998927 349.535339355
1.000000000 -0.000214879 -0.000292413 0.023362264 0.000215282 0.999999046 0.001376282 -5.393906116 0.000292116 -0.001376344 0.999998987 351.170043945
0.999997199 -0.001931531 -0.001350122 0.018566936 0.001934099 0.999996245 0.001904003 -5.423669815 0.001346439 -0.001906609 0.999997258 352.776092529
0.999996781 -0.001874301 -0.001702899 0.008891582 0.001876132 0.999997675 0.001073797 -5.450550079 0.001700882 -0.001076989 0.999997973 354.384552002
0.999993980 -0.002742351 -0.002114810 0.004006565 0.002742596 0.999996245 0.000112635 -5.477436066 0.002114493 -0.000118435 0.999997735 355.992553711
0.999995112 -0.002320577 -0.002052836 -0.009515285 0.002321519 0.999997199 0.000456382 -5.517311096 0.002051771 -0.000461145 0.999997795 357.592681885
0.999992549 -0.003344474 -0.001886619 -0.023438275 0.003344225 0.999994397 -0.000135551 -5.533374786 0.001887062 0.000129241 0.999998152 359.198333740
0.999992669 -0.003288883 -0.001941433 -0.032550573 0.003287151 0.999994159 -0.000895060 -5.562952518 0.001944365 0.000888672 0.999997735 360.817199707
0.999991000 -0.003742191 -0.001987757 -0.042859912 0.003739179 0.999991775 -0.001517318 -5.590223789 0.001993418 0.001509871 0.999996901 362.421356201
0.999988198 -0.004530906 -0.001703561 -0.053786933 0.004529361 0.999989331 -0.000909886 -5.624617100 0.001707665 0.000902159 0.999998152 364.032165527
0.999988914 -0.004261032 -0.001981290 -0.055192947 0.004257617 0.999989569 -0.001723945 -5.654072762 0.001988615 0.001715490 0.999996483 365.645446777
0.999982715 -0.005521740 -0.002016079 -0.062527239 0.005515940 0.999980688 -0.002871772 -5.686309814 0.002031897 0.002860602 0.999993861 367.238128662
0.999971390 -0.007246912 -0.002155688 -0.070531309 0.007244837 0.999973297 -0.000969101 -5.717409611 0.002162654 0.000953456 0.999997199 368.840698242
0.999961317 -0.008579700 -0.001898301 -0.075847983 0.008579393 0.999963164 -0.000168359 -5.747526169 0.001899676 0.000152066 0.999998212 370.463592529
0.999959171 -0.008882915 -0.001680321 -0.084224164 0.008880166 0.999959290 -0.001635217 -5.768489838 0.001694778 0.001620228 0.999997318 372.083068848
0.999965906 -0.008029724 -0.001922878 -0.084501684 0.008026037 0.999965966 -0.001917961 -5.801443100 0.001938213 0.001902463 0.999996305 373.682189941
0.999979258 -0.006345624 -0.001139612 -0.102144271 0.006344533 0.999979436 -0.000959023 -5.827828407 0.001145674 0.000951773 0.999998868 375.306854248
0.999986351 -0.005097647 -0.001164788 -0.105751365 0.005097591 0.999987006 -0.000052585 -5.862366676 0.001165041 0.000046647 0.999999344 376.916351318
0.999985993 -0.005146987 -0.001219967 -0.105484813 0.005146671 0.999986768 -0.000262168 -5.890401840 0.001221300 0.000255885 0.999999285 378.534606934
0.999982953 -0.005824362 -0.000371000 -0.126066878 0.005823950 0.999982357 -0.001102860 -5.918815136 0.000377417 0.001100681 0.999999285 380.142120361
0.999980330 -0.006261866 0.000000593 -0.137991309 0.006261866 0.999980211 -0.000444999 -5.957765579 0.000002193 0.000444994 0.999999881 381.762359619
0.999983966 -0.005663056 -0.000085087 -0.133402169 0.005662959 0.999983370 -0.001091866 -5.984939575 0.000091269 0.001091367 0.999999404 383.357788086
0.999991655 -0.004061631 0.000424991 -0.140848517 0.004062233 0.999990761 -0.001424583 -6.001001835 -0.000419201 0.001426298 0.999998927 384.995452881
0.999995947 -0.002741203 0.000788629 -0.153890818 0.002741673 0.999996066 -0.000594987 -6.032297134 -0.000786995 0.000597146 0.999999523 386.597686768
0.999998271 -0.000934288 0.001606310 -0.164935887 0.000936429 0.999998689 -0.001332616 -6.058909416 -0.001605063 0.001334118 0.999997854 388.226165771
