1.000000000 0.000000000 0.000000000 0.000000000 0.000000000 1.000000000 0.000000000 0.000000000 0.000000000 0.000000000 1.000000000 0.000000000
0.999996245 0.002742968 0.000052853 0.000251411 -0.002743052 0.999994874 0.001660473 -0.014867095 -0.000048298 -0.001660612 0.999998629 0.789350510
0.999986649 0.005167465 0.000077217 -0.000432688 -0.005167603 0.999984741 0.001928032 -0.029036520 -0.000067253 -0.001928404 0.999998152 1.567533374
0.999976754 0.006782364 0.000638264 -0.009360814 -0.006783432 0.999975562 0.001686022 -0.045905579 -0.000626813 -0.001690313 0.999998331 2.310258627
0.999962032 0.008684340 0.000754453 -0.008140027 -0.008685408 0.999961197 0.001423956 -0.063396633 -0.000742057 -0.001430454 0.999998689 3.075193405
0.999959052 0.008945519 0.001370804 -0.014117775 -0.008947147 0.999959290 0.001186239 -0.076885864 -0.001360137 -0.001198455 0.999998331 3.794523954
0.999960363 0.008800304 0.001349296 -0.013774686 -0.008803401 0.999958575 0.002308494 -0.095815256 -0.001328924 -0.002320282 0.999996424 4.512815952
0.999950051 0.009813716 0.001888633 -0.011075866 -0.009823084 0.999939263 0.005016482 -0.105962113 -0.001839288 -0.005034785 0.999985576 5.202537537
0.999947309 0.009614361 0.003592851 -0.015853290 -0.009647495 0.999909997 0.009321871 -0.121678784 -0.003502903 -0.009356041 0.999950111 5.885258675
0.999952257 0.008635775 0.004560336 -0.009120496 -0.008692862 0.999882102 0.012650087 -0.128037840 -0.004450555 -0.012689124 0.999909580 6.525285244
0.999955714 0.007721322 0.005375193 -0.001076285 -0.007800872 0.999857903 0.014939571 -0.138283044 -0.005259076 -0.014980841 0.999873936 7.156549931
0.999939263 0.008535856 0.006966935 -0.005109116 -0.008639308 0.999850750 0.014956154 -0.150117308 -0.006838231 -0.015015435 0.999863803 7.761654377
0.999924600 0.009272759 0.008054721 0.000359520 -0.009372359 0.999878943 0.012417173 -0.158768237 -0.007938605 -0.012491727 0.999890447 8.329927444
0.999922454 0.009144767 0.008456206 0.016346898 -0.009224461 0.999912858 0.009433949 -0.160550475 -0.008369198 -0.009511221 0.999919772 8.869888306
0.999922037 0.007568385 0.009937773 0.027357168 -0.007647866 0.999938846 0.007984398 -0.167612016 -0.009876736 -0.008059777 0.999918699 9.372461319
0.999922216 0.003544280 0.011957117 0.031583734 -0.003612858 0.999977052 0.005718676 -0.177992731 -0.011936575 -0.005761431 0.999912143 9.858222961
0.999905050 0.001890167 0.013646024 0.042345762 -0.001952625 0.999987602 0.004565057 -0.184344530 -0.013637226 -0.004591269 0.999896467 10.305335999
0.999856770 0.006109077 0.015782425 0.040728882 -0.006150186 0.999977767 0.002557533 -0.192856058 -0.015766453 -0.002654233 0.999872148 10.719497681
0.999766648 0.010357511 0.018955553 0.040961891 -0.010400210 0.999943614 0.002155405 -0.207225710 -0.018932156 -0.002352044 0.999818027 11.105792999
0.999689639 0.010957441 0.022373125 0.047123998 -0.011028352 0.999934494 0.003048562 -0.212824523 -0.022338256 -0.003294354 0.999745011 11.455912590
0.999655366 0.006426428 0.025452932 0.056785658 -0.006526109 0.999971330 0.003835184 -0.223367319 -0.025427558 -0.003999970 0.999668658 11.781641960
0.999608576 0.001419677 0.027937304 0.077812612 -0.001525380 0.999991715 0.003762707 -0.229787692 -0.027931733 -0.003803849 0.999602556 12.079292297
0.999544501 -0.001914822 0.030117953 0.097411036 0.001771602 0.999987006 0.004781293 -0.230214953 -0.030126717 -0.004725758 0.999534905 12.348572731
0.999466062 -0.001908529 0.032615930 0.105166167 0.001712473 0.999980271 0.006037924 -0.236050576 -0.032626808 -0.005978847 0.999449670 12.583207130
0.999389410 -0.001022272 0.034923602 0.111839771 0.000846553 0.999986887 0.005045952 -0.240752727 -0.034928303 -0.005013306 0.999377251 12.782250404
0.999321401 -0.000267106 0.036833547 0.119505018 0.000135403 0.999993622 0.003578117 -0.242760301 -0.036834262 -0.003570702 0.999314964 12.976433754
0.999223173 0.001930407 0.039360784 0.125027508 -0.002048596 0.999993443 0.002962591 -0.251235604 -0.039354809 -0.003040923 0.999220610 13.145268440
0.999148428 0.004306822 0.041035149 0.125765979 -0.004409042 0.999987364 0.002400875 -0.258545518 -0.041024294 -0.002579756 0.999154866 13.319149017
0.999074161 0.005948084 0.042606443 0.133913189 -0.005981470 0.999981880 0.000656134 -0.261793464 -0.042601772 -0.000910376 0.999091744 13.480855942
0.998986661 0.005236677 0.044702303 0.139772058 -0.005195056 0.999985993 -0.001047200 -0.267151028 -0.044707157 0.000813908 0.998999774 13.630753517
0.998930335 0.003969523 0.046068914 0.150060594 -0.003865152 0.999989688 -0.002354420 -0.271852970 -0.046077792 0.002173839 0.998935521 13.774441719
0.998879433 0.003169136 0.047219712 0.162480384 -0.003009414 0.999989510 -0.003453244 -0.272866637 -0.047230165 0.003307271 0.998878539 13.920043945
0.998799682 0.004064253 0.048812382 0.168510139 -0.003833105 0.999980986 -0.004828118 -0.274536014 -0.048831079 0.004635220 0.998796344 14.059116364
0.998742878 0.004657412 0.049908582 0.178860486 -0.004325504 0.999967813 -0.006756259 -0.282240301 -0.049938448 0.006531887 0.998731017 14.185604095
0.998702765 0.004700488 0.050703045 0.183469653 -0.004244960 0.999949634 -0.009088190 -0.283351839 -0.050743219 0.008861170 0.998672426 14.308988571
0.998646021 0.004128361 0.051856343 0.184682846 -0.003537964 0.999927878 -0.011471906 -0.284802496 -0.051899977 0.011272906 0.998588622 14.438713074
0.998685062 0.002987378 0.051178835 0.196941912 -0.002316336 0.999910653 -0.013166014 -0.289928138 -0.051213596 0.013030154 0.998602748 14.561419487
0.998792708 0.002817610 0.049042117 0.202377141 -0.002103968 0.999891281 -0.014597157 -0.290448666 -0.049077902 0.014476351 0.998690009 14.694315910
0.998942733 0.002652802 0.045892488 0.208231568 -0.001946726 0.999879181 -0.015423296 -0.294328570 -0.045927852 0.015317651 0.998827398 14.822759628
0.999110043 0.003419060 0.042040516 0.202436417 -0.002722578 0.999858201 -0.016613025 -0.296787620 -0.042091362 0.016483776 0.998977780 14.943423271
0.999338806 0.003539052 0.036184710 0.203613639 -0.002900159 0.999839246 -0.017693674 -0.301070929 -0.036241516 0.017577033 0.999188423 15.070936203
0.999559224 0.003179673 0.029518150 0.201387703 -0.002635543 0.999826252 -0.018454382 -0.301278025 -0.029571697 0.018368451 0.999393880 15.198577881
0.999744833 0.003587557 0.022302024 0.199116766 -0.003162470 0.999813199 -0.019066650 -0.306319922 -0.022366263 0.018991254 0.999569416 15.325613022
0.999893486 0.003147529 0.014253227 0.189591780 -0.002861458 0.999794900 -0.020046722 -0.309466124 -0.014313407 0.020003805 0.999697447 15.460786819
0.999987841 0.002512811 0.004258305 0.183077484 -0.002421741 0.999771118 -0.021258280 -0.311862350 -0.004310746 0.021247707 0.999764919 15.599541664
0.999959767 0.000555361 -0.008951154 0.174363971 -0.000760284 0.999737382 -0.022906449 -0.314675301 0.008936077 0.022912335 0.999697566 15.744173050
0.999686241 -0.000145442 -0.025050610 0.154386282 -0.000477982 0.999690354 -0.024878811 -0.317494959 0.025046468 0.024882976 0.999376595 15.902035713
0.999024391 -0.000002691 -0.044163890 0.129438221 -0.001135746 0.999667704 -0.025752448 -0.325779796 0.044149287 0.025777480 0.998692334 16.061676025
0.997820497 0.000811066 -0.065982357 0.094911933 -0.002495391 0.999673009 -0.025448490 -0.329067767 0.065940142 0.025557676 0.997496188 16.253143311
0.995968342 0.001495653 -0.089692265 0.053782821 -0.003652541 0.999707997 -0.023888342 -0.335919857 0.089630336 0.024119642 0.995682955 16.461473465
0.993201017 0.002325965 -0.116388336 -0.002061009 -0.004985109 0.999732971 -0.022561293 -0.340927839 0.116304785 0.022988107 0.992947519 16.682275772
0.989252806 0.003430678 -0.146174505 -0.067887545 -0.006473743 0.999772012 -0.020347418 -0.348512918 0.146071389 0.021075036 0.989049554 16.903530121
0.983820260 0.003245280 -0.179128945 -0.146305561 -0.006402998 0.999834061 -0.017052844 -0.352178633 0.179043889 0.017923895 0.983677745 17.157619476
0.976365685 0.004431767 -0.216079548 -0.217630625 -0.007418420 0.999887824 -0.013012900 -0.360950768 0.215997651 0.014308318 0.976288974 17.389604568
0.966667533 0.006161553 -0.255960971 -0.324987888 -0.008356213 0.999937057 -0.007487517 -0.366523385 0.255898714 0.009376802 0.966658175 17.657318115
0.954842329 0.010212179 -0.296937764 -0.457386971 -0.011580959 0.999928832 -0.002850884 -0.368550688 0.296887517 0.006160966 0.954892576 17.921590805
0.940735102 0.013488483 -0.338873923 -0.597607136 -0.013787959 0.999903798 0.001523782 -0.370912045 0.338861853 0.003238905 0.940830529 18.196260452
0.924116552 0.016088337 -0.381771743 -0.756452560 -0.014443316 0.999869943 0.007174275 -0.375077665 0.381837547 -0.001115815 0.924228787 18.484313965
0.904865980 0.019472901 -0.425251007 -0.934068680 -0.014685352 0.999786556 0.014533697 -0.375819534 0.425443172 -0.006906088 0.904958785 18.774436951
0.883359313 0.023628315 -0.468100518 -1.139066696 -0.015626630 0.999657989 0.020970501 -0.374994308 0.468435913 -0.011209655 0.883426428 19.059612274
0.858515739 0.029056197 -0.511963487 -1.349834442 -0.018497879 0.999498308 0.025706723 -0.376486421 0.512453616 -0.012599385 0.858622551 19.340560913
0.830563903 0.032365669 -0.555981994 -1.573846817 -0.019275999 0.999382317 0.029381769 -0.382211030 0.556589603 -0.013686329 0.830674827 19.606262207
0.800071597 0.036856003 -0.598771334 -1.815127373 -0.022436287 0.999251008 0.031527497 -0.381724715 0.599484861 -0.011790046 0.800299287 19.854082108
0.766262650 0.039215799 -0.641329646 -2.092534065 -0.022545235 0.999161959 0.034159299 -0.368967950 0.642131865 -0.011716065 0.766504645 20.129005432
0.728733063 0.043234266 -0.683431804 -2.394244194 -0.023759296 0.999000490 0.037863124 -0.355954885 0.684385657 -0.011354253 0.729031801 20.410299301
0.690225363 0.044367682 -0.722233057 -2.723886490 -0.021617554 0.998937190 0.040706459 -0.340190053 0.723271549 -0.012483718 0.690450907 20.664890289
0.649373174 0.044306345 -0.759178162 -3.081534386 -0.018450845 0.998925388 0.042516045 -0.335094512 0.760245979 -0.013601303 0.649492860 20.925895691
0.607773721 0.042499777 -0.792972207 -3.473192215 -0.013254710 0.998970628 0.043381307 -0.310821235 0.793999612 -0.015855400 0.607711434 21.178461075
0.563047528 0.042419251 -0.825335145 -3.883112907 -0.008403976 0.998924196 0.045607861 -0.293125212 0.826381803 -0.018743297 0.562798142 21.423479080
0.516670704 0.043673597 -0.855069518 -4.324586868 -0.006686612 0.998873591 0.046978198 -0.270796537 0.856158078 -0.018554740 0.516380727 21.641780853
0.467247546 0.043414000 -0.883059978 -4.778228283 -0.006206642 0.998930156 0.045826457 -0.245829582 0.884104848 -0.015931465 0.467017055 21.838455200
0.417259842 0.042274084 -0.907803535 -5.250701427 -0.000835010 0.998934984 0.046134032 -0.230540395 0.908786893 -0.018491855 0.416850656 21.991876602
0.361798316 0.042401843 -0.931291580 -5.743335724 0.004686534 0.998869777 0.047299363 -0.223329186 0.932244539 -0.021477360 0.361190706 22.176200867
0.307349265 0.041209009 -0.950704098 -6.275723934 0.007593722 0.998923898 0.045754079 -0.196590960 0.951566398 -0.021281864 0.306705624 22.321170807
0.253871232 0.047577631 -0.966067076 -6.842723846 0.008922046 0.998631775 0.051526017 -0.173912466 0.967196882 -0.021700267 0.253099412 22.435564041
0.203602865 0.052718744 -0.977633059 -7.435616016 0.011723414 0.998346388 0.056277230 -0.149958789 0.978983402 -0.022919405 0.202648118 22.518957138
0.155136436 0.053861916 -0.986423612 -8.048288345 0.017693114 0.998200893 0.057287622 -0.122600198 0.987734616 -0.026340304 0.153904378 22.599769592
0.111085579 0.054961167 -0.992289841 -8.644578934 0.020019423 0.998143256 0.057526521 -0.099811435 0.993609190 -0.026255438 0.109779030 22.641765594
0.070969492 0.053348400 -0.996050894 -9.288692474 0.019404380 0.998305917 0.054851763 -0.069532037 0.997289717 -0.023220547 0.069814071 22.655792236
0.036095217 0.048838295 -0.998154342 -9.946942329 0.017016256 0.998630345 0.049476929 -0.032844126 0.999203503 -0.018770728 0.035214737 22.646877289
0.006632585 0.048830729 -0.998785019 -10.623492241 0.015173658 0.998687029 0.048926700 -0.000012457 0.999862850 -0.015479734 0.005882934 22.640361786
-0.013939910 0.052792676 -0.998508155 -11.330363274 0.014017753 0.998517394 0.052597459 0.032755315 0.999804378 -0.013263640 -0.014659276 22.608385086
-0.026612088 0.059045482 -0.997900426 -12.068007469 0.015793964 0.998154223 0.058639303 0.065857112 0.999521017 -0.014200291 -0.027495531 22.578454971
-0.034686521 0.061568659 -0.997499883 -12.828198433 0.015227770 0.998017251 0.061071061 0.101345837 0.999282181 -0.013071357 -0.035555299 22.543216705
-0.038083717 0.058594484 -0.997555196 -13.591728210 0.015786201 0.998190045 0.058029111 0.139265537 0.999149859 -0.013537641 -0.038939778 22.505182266
-0.037650518 0.054924380 -0.997780383 -14.388107300 0.023837108 0.998253584 0.054050948 0.174493372 0.999006629 -0.021749152 -0.038894009 22.483098984
-0.033241194 0.052983854 -0.998041868 -15.200840950 0.035286184 0.998033464 0.051808141 0.222263455 0.998824298 -0.033494931 -0.035045415 22.471103668
-0.027765458 0.053359572 -0.998189211 -16.048089981 0.035852954 0.997985065 0.052351363 0.257944167 0.998971283 -0.034334477 -0.029622605 22.453626633
-0.022259830 0.051782433 -0.998410344 -16.902097702 0.033842213 0.998124480 0.051013079 0.292950988 0.999179244 -0.032652874 -0.023970515 22.428565979
-0.019420905 0.045768708 -0.998763263 -17.767642975 0.037670601 0.998275876 0.045013878 0.321639001 0.999101460 -0.036749803 -0.021111555 22.417556763
-0.017482854 0.035035498 -0.999233127 -18.649595261 0.035198674 0.998787940 0.034404047 0.355722427 0.999227405 -0.034570202 -0.018694870 22.402284622
-0.016518950 0.026735693 -0.999506056 -19.574983597 0.027639246 0.999272645 0.026272649 0.384270966 0.999481440 -0.027191596 -0.017245889 22.364458084
-0.018187189 0.023461003 -0.999559343 -20.518922806 0.021911645 0.999493897 0.023060778 0.418056786 0.999594510 -0.021482574 -0.018692056 22.338596344
-0.020939652 0.029729780 -0.999338567 -21.478658676 0.012974925 0.999481738 0.029462166 0.433966249 0.999696553 -0.012349417 -0.021314543 22.291370392
-0.026197355 0.038221829 -0.998925805 -22.465095520 0.008389024 0.999242008 0.038013905 0.451097637 0.999621570 -0.007384148 -0.026498144 22.254262924
-0.030976860 0.047627173 -0.998384655 -23.472991943 0.006738826 0.998851418 0.047440343 0.490872622 0.999497294 -0.005258388 -0.031262226 22.221218109
-0.033034358 0.057450697 -0.997801602 -24.484123230 0.005513682 0.998341799 0.057299260 0.535084665 0.999438941 -0.003608717 -0.033296343 22.187316895
-0.033577681 0.065354384 -0.997296929 -25.517768860 0.007497396 0.997848034 0.065138064 0.581241250 0.999408007 -0.005289945 -0.033995409 22.138872147
-0.034980368 0.066128656 -0.997197688 -26.548616409 0.008485646 0.997792065 0.065870412 0.636520147 0.999351978 -0.006157695 -0.035464276 22.103475571
-0.036771975 0.063186862 -0.997323990 -27.580705643 0.007043344 0.997990668 0.062969379 0.690175593 0.999298930 -0.004708988 -0.037143130 22.057033539
-0.039781380 0.058334053 -0.997504115 -28.601730347 0.007048164 0.998285949 0.058098692 0.738136709 0.999183536 -0.004719326 -0.040124338 22.010280609
-0.044247460 0.053207908 -0.997602642 -29.641979218 0.007317052 0.998571157 0.052935019 0.784908235 0.998993754 -0.004957270 -0.044573560 21.957344055
-0.049827680 0.048840273 -0.997562945 -30.678358078 0.007523882 0.998793602 0.048524708 0.821472466 0.998729467 -0.005087672 -0.050135039 21.895479202
-0.056384381 0.046789929 -0.997312129 -31.738412857 0.006412810 0.998897612 0.046501759 0.860104978 0.998388529 -0.003773601 -0.056622278 21.822219849
-0.063078329 0.049157903 -0.996797204 -32.798496246 0.006673321 0.998784602 0.048833631 0.902991712 0.997986257 -0.003571604 -0.063329712 21.753837585
-0.069353797 0.053996321 -0.996129692 -33.883567810 0.005410910 0.998539746 0.053750232 0.946272910 0.997577429 -0.001662185 -0.069544673 21.671100616
-0.075534783 0.056861024 -0.995520592 -34.955295563 0.002858646 0.998380959 0.056807514 0.991593838 0.997139037 0.001445103 -0.075575046 21.581125259
-0.080397591 0.059137862 -0.995006979 -36.043521881 -0.000243260 0.998237252 0.059349507 1.041681886 0.996762872 0.005013603 -0.080241494 21.488998413
-0.083002910 0.060380746 -0.994718373 -37.127777100 -0.004746186 0.998127460 0.060983725 1.093892336 0.996538043 0.009782947 -0.082560904 21.385936737
-0.084625952 0.061381683 -0.994520366 -38.203639984 -0.009289230 0.998008788 0.062387440 1.151113749 0.996369481 0.014517925 -0.083887257 21.284196854
-0.086157188 0.061349086 -0.994390905 -39.302307129 -0.010281751 0.997994363 0.062462240 1.193539977 0.996228516 0.015605647 -0.085353613 21.180866241
-0.087565765 0.060455151 -0.994322658 -40.393657684 -0.010709004 0.998041868 0.061624397 1.247092605 0.996101201 0.016044391 -0.086746901 21.078058243
-0.088462338 0.059788223 -0.994283676 -41.499267578 -0.011528342 0.998068631 0.061041523 1.300220966 0.996012747 0.016862318 -0.087602243 20.976894379
-0.089469470 0.058855016 -0.994249105 -42.599948883 -0.013615887 0.998086989 0.060307454 1.353235722 0.995896518 0.018933261 -0.088496953 20.869792938
-0.090386286 0.056228392 -0.994318187 -43.698261261 -0.018433528 0.998139381 0.058120135 1.408262253 0.995736182 0.023582054 -0.089181609 20.761625290
-0.090932734 0.051531889 -0.994522870 -44.807403564 -0.023458634 0.998272359 0.053871077 1.452298999 0.995580733 0.028228791 -0.089566760 20.651744843
-0.090019219 0.050748892 -0.994646132 -45.928405762 -0.024988152 0.998271346 0.053195380 1.500920534 0.995626509 0.029642975 -0.088595472 20.545917511
-0.088197254 0.055165630 -0.994574249 -47.053035736 -0.025965523 0.997998536 0.057658151 1.546292901 0.995764554 0.030909935 -0.086588338 20.435680389
-0.086224608 0.058270551 -0.994570076 -48.178668976 -0.025840823 0.997821450 0.060701314 1.594348431 0.995940566 0.030934464 -0.084530994 20.334457397
-0.084867358 0.057811584 -0.994713724 -49.300460815 -0.023987923 0.997907519 0.060043819 1.650243044 0.996103466 0.028956879 -0.083302990 20.238739014
-0.082236953 0.057019223 -0.994980335 -50.441089630 -0.023881121 0.997962594 0.059163943 1.703962088 0.996326745 0.028626701 -0.080707729 20.138193130
-0.078341193 0.057302263 -0.995278358 -51.577384949 -0.028016176 0.997825921 0.059654161 1.757833362 0.996532917 0.032557268 -0.076565467 20.040498734
-0.072576590 0.058239277 -0.995660961 -52.715682983 -0.033376787 0.997592688 0.060785193 1.811352253 0.996804237 0.037643548 -0.070458032 19.947671890
-0.066844083 0.057996131 -0.996076524 -53.856945038 -0.037290521 0.997466564 0.060579538 1.865032792 0.997066319 0.041193593 -0.064512044 19.862712860
-0.061128359 0.057004601 -0.996500790 -55.019977570 -0.038708247 0.997481525 0.059435170 1.921073794 0.997379065 0.042205971 -0.058767859 19.785974503
-0.055063147 0.055664375 -0.996930003 -56.162014008 -0.038539790 0.997582316 0.057829443 1.983470559 0.997738838 0.041605748 -0.052784715 19.712955475
-0.049845289 0.055808764 -0.997196436 -57.323596954 -0.036564495 0.997666299 0.057662755 2.029417038 0.998087347 0.039336197 -0.047688339 19.649650574
-0.043860264 0.055847626 -0.997475505 -58.485210419 -0.035598934 0.997714877 0.057426360 2.092612743 0.998403251 0.038027804 -0.041771919 19.582775116
-0.038891520 0.058019657 -0.997557580 -59.644615173 -0.034927323 0.997623920 0.059385214 2.132626772 0.998632848 0.037151597 -0.036772650 19.551692963
-0.033704329 0.058965310 -0.997690916 -60.810653687 -0.035668362 0.997551203 0.060162012 2.194114208 0.998795211 0.037613720 -0.031518601 19.512149811
-0.028397305 0.058746200 -0.997868896 -61.989479065 -0.035110489 0.997596920 0.059729356 2.232354164 0.998979926 0.036731828 -0.026266456 19.475656509
-0.023582801 0.053979818 -0.998263478 -63.156158447 -0.035159264 0.997878611 0.054789603 2.286798000 0.999103367 0.036390312 -0.021634888 19.444131851
-0.019159643 0.048940014 -0.998617947 -64.324165344 -0.034975182 0.998157084 0.049588468 2.327335358 0.999204457 0.035876948 -0.017412649 19.418577194
-0.014861497 0.047718249 -0.998750329 -65.504531860 -0.035200465 0.998216450 0.048216537 2.383582592 0.999269783 0.035873041 -0.013155284 19.382987976
-0.011960859 0.050916605 -0.998631299 -66.685791016 -0.034026813 0.998103559 0.051297247 2.408557177 0.999349356 0.034593802 -0.010205648 19.371669769
-0.009697017 0.050255187 -0.998689294 -67.864189148 -0.034610786 0.998120904 0.050562657 2.457625628 0.999353766 0.035055730 -0.007939423 19.348329544
-0.008785260 0.050463561 -0.998687267 -69.045539856 -0.035704955 0.998073101 0.050746616 2.494922161 0.999323726 0.036103908 -0.006966534 19.336730957
-0.007745919 0.051190317 -0.998658895 -70.226394653 -0.036723834 0.998000503 0.051441416 2.542838335 0.999295413 0.037073035 -0.005850527 19.317125320
-0.006999353 0.051229503 -0.998662472 -71.409912109 -0.037667483 0.997964501 0.051457711 2.575429440 0.999265790 0.037977256 -0.005055421 19.306297302
-0.005745346 0.049017571 -0.998781323 -72.594093323 -0.038270168 0.998055398 0.049202085 2.622197628 0.999250889 0.038506214 -0.003858263 19.293416977
-0.004903841 0.047705140 -0.998849392 -73.788833618 -0.036466848 0.998188496 0.047852606 2.660403490 0.999322832 0.036659550 -0.003155302 19.283937454
-0.004779175 0.047732107 -0.998848796 -74.991249084 -0.032903645 0.998311698 0.047863886 2.697927475 0.999447167 0.033094507 -0.003200547 19.282390594
-0.004351890 0.048405699 -0.998818219 -76.172920227 -0.030570479 0.998354554 0.048516415 2.735891342 0.999523163 0.030745495 -0.002864944 19.269550323
-0.003785837 0.050988086 -0.998692036 -77.369010925 -0.030415066 0.998231232 0.051079862 2.779705524 0.999530137 0.030568667 -0.002228334 19.255208969
-0.004198061 0.055006765 -0.998477101 -78.571716309 -0.032736622 0.997943342 0.055114996 2.815271139 0.999455214 0.032918151 -0.002388690 19.255876541
-0.003688613 0.054769237 -0.998492181 -79.757736206 -0.034469020 0.997898757 0.054864012 2.869285107 0.999399006 0.034619421 -0.001793021 19.250753403
-0.003307464 0.052713428 -0.998604178 -80.960311890 -0.035925791 0.997958779 0.052798346 2.909249783 0.999348998 0.036050282 -0.001406941 19.233789444
-0.002763487 0.050390374 -0.998725712 -82.147506714 -0.035853580 0.998082459 0.050457127 2.952393293 0.999353230 0.035947330 -0.000951512 19.221502304
-0.003241145 0.049577974 -0.998764932 -83.350807190 -0.033556886 0.998202324 0.049658936 2.997358799 0.999431551 0.033676401 -0.001571636 19.224536896
-0.002982935 0.050836425 -0.998702526 -84.548568726 -0.031882685 0.998194396 0.050905794 3.043939114 0.999487162 0.031993173 -0.001356747 19.212305069
-0.002587362 0.053758238 -0.998550594 -85.732475281 -0.031241868 0.998062193 0.053812891 3.084070921 0.999508440 0.031335820 -0.000902841 19.203702927
-0.002183119 0.056519512 -0.998399019 -86.927330017 -0.032807529 0.997860134 0.056560718 3.115468025 0.999459445 0.032878488 -0.000324182 19.198678970
-0.001738928 0.056545012 -0.998398542 -88.112823486 -0.034026917 0.997818589 0.056571424 3.165921450 0.999419451 0.034070794 0.000188918 19.183706284
-0.001473726 0.054184925 -0.998529851 -89.295562744 -0.033190265 0.997978151 0.054203980 3.214354753 0.999448061 0.033221345 0.000327666 19.182634354
-0.001222428 0.052953474 -0.998596132 -90.468620300 -0.031684339 0.998093605 0.052965607 3.257527351 0.999497116 0.031704608 0.000457698 19.177021027
-0.001169386 0.053812083 -0.998550415 -91.656753540 -0.029942220 0.998101473 0.053822961 3.302133560 0.999550939 0.029961759 0.000444088 19.179367065
-0.000868066 0.056252021 -0.998416185 -92.853569031 -0.027501632 0.998037636 0.056254592 3.355460405 0.999621391 0.027506908 0.000680659 19.174211502
-0.000852432 0.059227195 -0.998244166 -94.021224976 -0.025876977 0.997908950 0.059229411 3.390589237 0.999664783 0.025882026 0.000681972 19.178956985
-0.000537176 0.061326150 -0.998117685 -95.215377808 -0.026866604 0.997756600 0.061318431 3.439368248 0.999638915 0.026848968 0.001111654 19.171974182
0.000227084 0.063060686 -0.998009682 -96.395027161 -0.029322442 0.997580886 0.063026935 3.491626501 0.999569952 0.029249771 0.002075628 19.153285980
0.000162846 0.062488463 -0.998045683 -97.563880920 -0.031366780 0.997554958 0.062452614 3.541677713 0.999507904 0.031295314 0.002122510 19.153669357
0.000705978 0.058080174 -0.998311698 -98.744445801 -0.033935580 0.997738242 0.058022823 3.599534988 0.999423742 0.033837330 0.002675366 19.138065338
0.000920978 0.056715701 -0.998390019 -99.915878296 -0.035088982 0.997777402 0.056648538 3.645365477 0.999383807 0.034980319 0.002909027 19.133132935
0.001207146 0.054770313 -0.998498380 -101.094749451 -0.035425238 0.997874558 0.054693285 3.691323519 0.999371588 0.035306007 0.003144832 19.125036240
0.001452212 0.054978348 -0.998486519 -102.269721985 -0.034214601 0.997905672 0.054896604 3.745503426 0.999413490 0.034083094 0.003330233 19.122974396
0.001157535 0.057138819 -0.998365700 -103.448890686 -0.033786487 0.997798443 0.057067193 3.786816597 0.999428332 0.033665210 0.003085508 19.124847412
0.001596938 0.059106212 -0.998250425 -104.635276794 -0.032786306 0.997718155 0.059022244 3.840442896 0.999460995 0.032634694 0.003531169 19.121385574
0.000954530 0.058169190 -0.998306215 -105.813652039 -0.036274530 0.997651756 0.058096364 3.887739182 0.999341428 0.036157623 0.003062348 19.115245819
0.000529482 0.059242487 -0.998243392 -107.002265930 -0.040554035 0.997423768 0.059172325 3.944989204 0.999177158 0.040451474 0.002930640 19.104404449
0.000308967 0.058754474 -0.998272538 -108.189559937 -0.043657795 0.997321427 0.058684994 3.992466450 0.999046504 0.043564234 0.002873230 19.096479416
0.000187198 0.054853026 -0.998494446 -109.376190186 -0.044471964 0.997507036 0.054790452 4.045910835 0.999010623 0.044394750 0.002626153 19.087083817
-0.000369603 0.050967112 -0.998700321 -110.572898865 -0.045128856 0.997681975 0.050931845 4.097001553 0.998981059 0.045089021 0.001931342 19.075313568
-0.001476986 0.050076071 -0.998744309 -111.773208618 -0.041283637 0.997890890 0.050094333 4.135868073 0.999146402 0.041305788 0.000593452 19.081573486
-0.001989668 0.049509622 -0.998771608 -112.979759216 -0.037055355 0.998084068 0.049549352 4.176466942 0.999311209 0.037108425 -0.000151259 19.082876205
-0.002464268 0.051328320 -0.998678803 -114.203178406 -0.036366243 0.998016655 0.051384021 4.224464417 0.999335408 0.036444820 -0.000592762 19.078130722
-0.003214548 0.055318270 -0.998463571 -115.445152283 -0.035321098 0.997839391 0.055397402 4.266414642 0.999370873 0.035444897 -0.001253701 19.066360474
-0.003950431 0.055459853 -0.998453081 -116.672355652 -0.033645090 0.997888207 0.055561595 4.318996429 0.999426067 0.033812542 -0.002076136 19.061059952
-0.004274906 0.050760347 -0.998701632 -117.901596069 -0.033973861 0.998126924 0.050876558 4.376607895 0.999413550 0.034147248 -0.002542374 19.039030075
-0.005087027 0.047341283 -0.998865843 -119.161758423 -0.033797763 0.998299897 0.047486588 4.411375999 0.999415755 0.034000997 -0.003478349 19.034236908
-0.006249454 0.046155319 -0.998914778 -120.413368225 -0.032770682 0.998388231 0.046336010 4.452751160 0.999443352 0.033024691 -0.004726840 19.026433945
-0.006351985 0.047086067 -0.998870730 -121.681388855 -0.034728728 0.998277843 0.047278970 4.499391556 0.999376714 0.034989823 -0.004705806 19.002927780
-0.006909234 0.051888946 -0.998628914 -122.944664001 -0.039319918 0.997866392 0.052121367 4.546438694 0.999202728 0.039626122 -0.004854224 18.983383179
-0.006863050 0.055137273 -0.998455167 -124.219177246 -0.045132160 0.997444153 0.055391658 4.593241215 0.998957455 0.045442604 -0.004357045 18.954608917
-0.007393008 0.055251613 -0.998445094 -125.495513916 -0.052462861 0.997075796 0.055564296 4.643884659 0.998595536 0.052792076 -0.004472732 18.934322357
-0.006616341 0.052878693 -0.998579144 -126.779655457 -0.055755246 0.997027874 0.053165980 4.702436447 0.998422503 0.056027785 -0.003648414 18.905944824
-0.007419732 0.051720247 -0.998633981 -128.049392700 -0.057835270 0.996967554 0.052063644 4.754409790 0.998298585 0.058142565 -0.004405979 18.889278412
-0.007797434 0.051214647 -0.998657227 -129.334365845 -0.057812199 0.996994078 0.051580753 4.793024540 0.998297036 0.058136765 -0.004813164 18.869943619
-0.008280842 0.050312873 -0.998699188 -130.610168457 -0.056208514 0.997130930 0.050699919 4.835919380 0.998384714 0.056555234 -0.005429072 18.855117798
-0.008610466 0.051148586 -0.998653948 -131.875015259 -0.056397580 0.997076452 0.051554058 4.876960754 0.998371303 0.056765564 -0.005700638 18.839094162
-0.009561338 0.056174673 -0.998375118 -133.163162231 -0.055737387 0.996838629 0.056622013 4.925941944 0.998399675 0.056188207 -0.006400080 18.827568054
-0.010089649 0.060401142 -0.998123169 -134.447357178 -0.054537911 0.996655047 0.060863592 4.978871346 0.998460710 0.055049639 -0.006761748 18.810441971
-0.009926445 0.058989074 -0.998209238 -135.722290039 -0.054948207 0.996717989 0.059447359 5.031366825 0.998439848 0.055439912 -0.006652522 18.791206360
-0.009294540 0.057533763 -0.998300254 -136.994064331 -0.054737147 0.996817291 0.057957917 5.089225769 0.998457491 0.055182815 -0.006115725 18.771934509
-0.008116697 0.056730144 -0.998356521 -138.263442993 -0.053791299 0.996919096 0.057085793 5.140758514 0.998519123 0.054166250 -0.005040102 18.756605148
-0.007208926 0.056174047 -0.998394966 -139.523452759 -0.053979002 0.996943355 0.056482133 5.188996315 0.998516083 0.054299533 -0.004154673 18.743158340
-0.006218988 0.058202319 -0.998285413 -140.796142578 -0.054106161 0.996822774 0.058454104 5.241991520 0.998515844 0.054376919 -0.003050125 18.725914001
-0.005395320 0.061918393 -0.998066545 -142.057250977 -0.055532269 0.996522486 0.062122788 5.296026230 0.998442292 0.055760082 -0.001938089 18.713838577
-0.004125773 0.063018382 -0.998003840 -143.328140259 -0.057234578 0.996361375 0.063151278 5.351811886 0.998352170 0.057380874 -0.000503931 18.702932358
-0.003170693 0.060008969 -0.998192847 -144.584945679 -0.058971312 0.996449411 0.060091477 5.411688805 0.998254657 0.059055265 0.000379372 18.687854767
-0.003189735 0.057239607 -0.998355508 -145.852737427 -0.057874829 0.996676385 0.057328261 5.457888603 0.998318732 0.057962503 0.000133599 18.685340881
-0.003177704 0.055497091 -0.998453736 -147.099548340 -0.055148099 0.996929646 0.055587891 5.510417461 0.998473048 0.055239473 -0.000107387 18.681386948
-0.003346205 0.055062685 -0.998477280 -148.349288940 -0.053953413 0.997018635 0.055163059 5.558617592 0.998537838 0.054055844 -0.000365409 18.673971176
-0.003560067 0.055477537 -0.998453617 -149.633483887 -0.051110797 0.997144818 0.055587057 5.600764751 0.998686612 0.051229663 -0.000714401 18.675127029
-0.003946007 0.054037590 -0.998531103 -150.880508423 -0.049034405 0.997327209 0.054166216 5.648514748 0.998789310 0.049176119 -0.001285759 18.669351578
-0.003876965 0.054215547 -0.998521745 -152.139663696 -0.048519302 0.997343004 0.054339938 5.696312904 0.998814702 0.048658252 -0.001236163 18.668289185
-0.004234606 0.056545064 -0.998391092 -153.386138916 -0.046547189 0.997306645 0.056681074 5.752091408 0.998907089 0.046712320 -0.001591187 18.663543701
-0.004063276 0.058121059 -0.998301268 -154.636566162 -0.044029571 0.997330964 0.058243785 5.798588276 0.999021947 0.044191435 -0.001493385 18.649627686
-0.004228130 0.056518991 -0.998392463 -155.878372192 -0.041733563 0.997521639 0.056646429 5.852980614 0.999119818 0.041905992 -0.001858913 18.644165039
-0.004767812 0.056934807 -0.998366654 -157.129272461 -0.042423069 0.997467518 0.057086144 5.900687695 0.999088347 0.042625956 -0.002340389 18.633089066
-0.004656268 0.061479326 -0.998097539 -158.374572754 -0.043078031 0.997169435 0.061623126 5.958099365 0.999060810 0.043283015 -0.001994680 18.621070862
-0.004229928 0.068156056 -0.997665644 -159.636199951 -0.048490155 0.996487141 0.068281122 6.016701698 0.998814702 0.048665788 -0.000910170 18.601152420
-0.003074587 0.067897670 -0.997687578 -160.869171143 -0.053122915 0.996272445 0.067965068 6.081990719 0.998583257 0.053209037 0.000543797 18.583667755
-0.001556919 0.064562246 -0.997912467 -162.122528076 -0.056917369 0.996290207 0.064546108 6.136188984 0.998377621 0.056899041 0.002123571 18.567512512
0.000075965 0.058981370 -0.998259068 -163.359283447 -0.058687788 0.996538758 0.058875255 6.196298599 0.998276353 0.058581144 0.003537188 18.554431915
0.000998114 0.057598460 -0.998339355 -164.589859009 -0.060761094 0.996498704 0.057431515 6.240259171 0.998151839 0.060602862 0.004494365 18.546670914
0.002109741 0.054522410 -0.998510420 -165.808685303 -0.055724856 0.996967435 0.054320421 6.286900520 0.998443961 0.055527240 0.005141596 18.550659180
0.002175045 0.050077721 -0.998742878 -167.046569824 -0.052569833 0.997370064 0.049894389 6.334519386 0.998614848 0.052395228 0.004801901 18.552696228
0.001977957 0.046756759 -0.998904347 -168.278991699 -0.046465885 0.997831583 0.046614528 6.374180794 0.998917937 0.046322774 0.004146262 18.557048798
0.000965563 0.049510375 -0.998773158 -169.517456055 -0.044134371 0.997802496 0.049419589 6.421338081 0.999025166 0.044032514 0.003148551 18.559467316
0.001568020 0.056213140 -0.998417556 -170.762100220 -0.044403076 0.997437954 0.056088243 6.461692810 0.999012411 0.044244863 0.004060038 18.554546356
0.003216172 0.059284251 -0.998235941 -172.001785278 -0.046043962 0.997191191 0.059073847 6.513625145 0.998934329 0.045772735 0.005936821 18.551191330
0.004944747 0.055751927 -0.998432338 -173.225082397 -0.047096334 0.997349679 0.055458214 6.568157196 0.998878121 0.046748277 0.007557352 18.545675278
0.005841380 0.056006100 -0.998413444 -174.453567505 -0.049272776 0.997233629 0.055651657 6.615188122 0.998768270 0.048869509 0.008584798 18.543472290
0.006520144 0.057139535 -0.998344898 -175.681060791 -0.048150543 0.997226059 0.056761023 6.662173271 0.998818696 0.047700766 0.009253357 18.551120758
0.007334827 0.055057518 -0.998456240 -176.899520874 -0.047738824 0.997363925 0.054646589 6.713065147 0.998832881 0.047264308 0.009943874 18.555078506
0.008961863 0.053431708 -0.998531222 -178.090240479 -0.048050884 0.997440815 0.052942108 6.760725975 0.998804688 0.047505848 0.011506368 18.559486389
0.010786217 0.055398889 -0.998406053 -179.258407593 -0.049223930 0.997283041 0.054804794 6.799019814 0.998729467 0.048554331 0.013483863 18.563278198
0.011863541 0.057408236 -0.998280287 -180.394561768 -0.048906110 0.997189045 0.056764282 6.832687378 0.998732924 0.048148595 0.014637809 18.576835632
0.012469759 0.058965925 -0.998182178 -181.513809204 -0.050477725 0.997024000 0.058266930 6.870759010 0.998647332 0.049659386 0.015409118 18.579269409
0.012827923 0.060033586 -0.998113871 -182.587265015 -0.050486300 0.996961713 0.059315424 6.905693054 0.998642325 0.049630187 0.015819818 18.587217331
0.012571791 0.060899388 -0.998064756 -183.635070801 -0.049629152 0.996951401 0.060206320 6.944973946 0.998688698 0.048776206 0.015555850 18.599239349
0.013481738 0.060115729 -0.998100281 -184.679397583 -0.049974795 0.996984124 0.059373464 6.984584808 0.998659432 0.049079407 0.016445350 18.591474533
0.014692561 0.059946999 -0.998093367 -185.661834717 -0.050933264 0.996950150 0.059128564 7.021286011 0.998593986 0.049967401 0.017701047 18.606697083
0.016435916 0.060657412 -0.998023331 -186.633270264 -0.051852409 0.996866703 0.059733186 7.056652069 0.998519480 0.050768137 0.019529646 18.609462738
0.015520309 0.059091665 -0.998131931 -187.581665039 -0.050200820 0.997039199 0.058246385 7.088761806 0.998618543 0.049203042 0.018440811 18.626976013
0.012526596 0.056383818 -0.998330593 -188.533432007 -0.047986373 0.997292459 0.055723067 7.112738132 0.998769403 0.047208257 0.015198335 18.634847641
0.007189779 0.053057380 -0.998565614 -189.465988159 -0.047601823 0.997477412 0.052656829 7.140789986 0.998840511 0.047154944 0.009697268 18.646936417
0.002338594 0.049674768 -0.998762667 -190.410095215 -0.049285457 0.997557402 0.049499415 7.177361488 0.998781979 0.049108725 0.004781125 18.641532898
-0.001458308 0.048590943 -0.998817742 -191.347991943 -0.051224239 0.997503817 0.048601814 7.213517189 0.998686075 0.051234551 0.001034366 18.634725571
-0.004617942 0.049360577 -0.998770356 -192.278945923 -0.052789379 0.997376263 0.049535759 7.241166115 0.998594940 0.052953217 -0.002000113 18.625034332
-0.006214009 0.051962163 -0.998629749 -193.199600220 -0.051601008 0.997301817 0.052214157 7.256031513 0.998648465 0.051854763 -0.003515943 18.607316971
-0.007908543 0.052875221 -0.998569906 -194.127578735 -0.048667207 0.997397244 0.053198576 7.297698498 0.998783767 0.049018331 -0.005314670 18.600610733
-0.009383301 0.053536568 -0.998521805 -195.037811279 -0.046659492 0.997454643 0.053917821 7.322301865 0.998866796 0.047096446 -0.006861428 18.587217331
-0.010193010 0.052627146 -0.998562336 -195.980575562 -0.047575995 0.997457564 0.053054582 7.352453709 0.998815596 0.048048381 -0.007663308 18.577995300
-0.011185936 0.051275719 -0.998621881 -196.901489258 -0.049418122 0.997435570 0.051768355 7.389256477 0.998715580 0.049929097 -0.008623301 18.565462112
-0.010922401 0.050693370 -0.998654485 -197.811203003 -0.052672345 0.997298360 0.051200610 7.420720577 0.998552084 0.053160708 -0.008222754 18.542556763
-0.009734128 0.048915017 -0.998755515 -198.728820801 -0.055866703 0.997216165 0.049384125 7.455759048 0.998390853 0.056277886 -0.006974309 18.521867752
-0.009077870 0.046653185 -0.998869836 -199.655639648 -0.055603206 0.997341931 0.047087155 7.479853153 0.998411655 0.055967815 -0.006459676 18.511074066
-0.008761360 0.044133425 -0.998987257 -200.582992554 -0.055439014 0.997467518 0.044552498 7.511885643 0.998423576 0.055773206 -0.006292459 18.501260757
-0.008388496 0.044087760 -0.998992443 -201.517883301 -0.055560518 0.997463763 0.044486836 7.536290169 0.998420060 0.055877715 -0.005917680 18.489641190
-0.007134049 0.046772733 -0.998880088 -202.459030151 -0.053339530 0.997465611 0.047087453 7.566013336 0.998550892 0.053615723 -0.004621134 18.469976425
-0.007087868 0.047910471 -0.998826504 -203.397613525 -0.051940575 0.997485578 0.048214726 7.594482422 0.998624980 0.052221362 -0.004581548 18.470134735
-0.006316198 0.044011403 -0.999011099 -204.340698242 -0.047101561 0.997908950 0.044260651 7.626226425 0.998870075 0.047334533 -0.004229985 18.468999863
-0.006349696 0.040857460 -0.999144852 -205.289382935 -0.045571327 0.998115003 0.041104965 7.655056477 0.998940885 0.045793358 -0.004475798 18.458520889
-0.005849585 0.040944483 -0.999144256 -206.253555298 -0.050098438 0.997894645 0.041186582 7.692366600 0.998727083 0.050296493 -0.003786016 18.450099945
-0.003821150 0.045074735 -0.998976290 -207.224182129 -0.051317055 0.997658551 0.045211561 7.720414162 0.998675108 0.051437285 -0.001499101 18.432920456
-0.001627413 0.044547196 -0.999005914 -208.194030762 -0.048900209 0.997808576 0.044573475 7.749190807 0.998802304 0.048924141 0.000554521 18.424102783
-0.000271238 0.045745887 -0.998953044 -209.187484741 -0.048049465 0.997798681 0.045706078 7.787331581 0.998844922 0.048011549 0.001927425 18.432712555
0.002144724 0.050191134 -0.998737276 -210.178894043 -0.048906807 0.997549772 0.050026424 7.828460693 0.998801053 0.048737749 0.004594157 18.422443390
0.002754052 0.054278936 -0.998522043 -211.182464600 -0.045972917 0.997476876 0.054095324 7.863058090 0.998938918 0.045755982 0.005242465 18.440910339
0.003565373 0.054627314 -0.998500466 -212.196258545 -0.045520309 0.997480631 0.054408979 7.908377647 0.998957038 0.045258056 0.006043043 18.451833725
0.005975831 0.055443887 -0.998443842 -213.222167969 -0.049109150 0.997273266 0.055084951 7.953232765 0.998775482 0.048703559 0.008682337 18.450353622
0.009564738 0.056956634 -0.998330832 -214.245300293 -0.052292027 0.997038960 0.056381937 8.000862122 0.998585999 0.051665470 0.012514795 18.440147400
0.012580916 0.057593118 -0.998260796 -215.291992188 -0.053529412 0.996947110 0.056842703 8.044713974 0.998486996 0.052721176 0.015625432 18.453325272
0.015778912 0.055191830 -0.998351038 -216.329940796 -0.056525685 0.996927798 0.054219767 8.090421677 0.998276412 0.055576950 0.018850192 18.460044861
